27 1 1 19 14 21 11 18 7 29 29 13 25 24 11 18 19 22 7 28
4 19 8 8 9 10 21 14 17 4 10 9 13 27 27 1 29 28 25 4
20 19 24 8 29 0 1 3 1 4 26 22 5 4 4 22 25 12 9 25
5 1 28 16 29 29 28 4 20 1 16 12 10 17 5 11 7 15 14 1
4 14 23 1 27 8 17 3 18 24 20 8 25 21 5 20 17 26 23 0
5 2 23 27 14 14 7 29 29 3 2 21 27 14 28 14 10 4 18 27
12 19 19 20 29 8 10 8 17 0 17 25 4 22 11 3 18 4 22 11
26 17 4 17 2 5 8 12 11 29 18 3 19 5 26 24 25 20 0 29
4 13 1 6 19 26 28 19 29 24 14 18 28 23 27 26 8 28 14 4
12 1 5 24 11 7 18 1 29 21 5 22 28 4 21 24 6 7 10 20
15 21 5 8 0 0 2 21 1 14 11 25 10 4 24 25 19 12 7 12
5 9 28 15 7 12 18 24 12 22 9 10 25 15 19 5 27 10 21 11
4 4 17 18 25 21 15 21 15 29 5 7 24 3 0 13 29 1 11 10
29 10 7 24 7 5 10 0 12 11 28 7 15 19 4 6 14 2 18 2
4 2 14 14 8 19 11 12 28 8 16 17 0 26 1 21 27 6 19 7
7 8 3 22 1 5 12 22 4 13 25 23 11 29 9 1 6 6 6 15
1 11 3 28 24 4 21 10 26 11 1 10 3 7 27 0 26 0 22 27
12 2 23 8 0 14 4 29 5 19 26 1 14 29 25 4 3 5 26 25
12 27 23 11 9 19 25 23 9 18 19 10 22 8 2 18 0 18 8 13
6 5 14 2 5 4 21 17 10 26 21 26 27 29 9 8 21 7 18 25
27 23 20 13 23 18 24 9 22 18 5 18 24 16 11 12 3 29 23 25
22 3 12 2 21 11 12 27 11 10 18 4 4 12 4 23 15 15 3 11
20 15 5 4 23 5 18 13 4 17 15 26 26 25 14 1 6 17 24 1
4 8 24 20 24 12 22 18 24 12 12 9 6 21 8 19 14 10 27 28
20 9 5 28 23 5 3 17 8 17 21 26 4 28 8 14 19 7 8 29
4 10 12 24 3 29 0 24 24 28 0 10 20 17 20 14 18 24 5 11
12 2 20 18 11 9 5 3 1 3 15 28 29 14 18 12 25 18 4 2
21 22 26 6 0 9 23 12 6 19 28 27 21 0 22 24 14 21 18 18
12 27 21 20 1 4 23 23 5 29 4 1 22 4 1 23 19 28 4 1
11 28 27 3 24 0 5 9 12 21 15 23 18 5 17 27 4 21 12 14
1 12 7 11 23 17 28 23 18 29 15 24 29 11 27 14 20 29 0 6
4 2 2 0 4 0 21 3 11 24 0 8 19 11 10 1 21 3 2 12
27 24 7 7 8 22 6 23 20 22 15 21 7 5 10 4 28 27 20 7
13 4 12 10 7 25 11 27 18 14 26 21 5 26 29 6 29 4 8 26
13 2 18 2 15 6 19 20 28 4 29 15 23 29 5 11 6 25 6 1
3 27 5 11 10 28 17 27 29 0 24 18 0 14 18 0 0 14 25 15
13 12 18 7 23 1 24 7 26 20 20 28 7 29 22 20 20 3 25 5
23 28 1 24 2 29 7 15 14 24 10 21 24 7 6 11 23 3 8 16
28 2 29 13 10 16 13 1 15 3 14 20 17 8 15 26 17 28 19 11
5 18 12 22 10 13 19 24 6 23 1 16 23 23 19 15 29 24 8 25
4 4 4 17 12 22 0 4 13 28 17 20 18 14 28 5 1 28 18 9
28 29 20 17 20 18 21 23 20 19 4 3 12 16 12 1 23 19 26 8
4 6 27 0 28 18 16 16 11 19 19 10 7 24 4 12 22 5 12 18
20 28 12 9 21 12 5 12 27 16 13 21 2 25 11 8 29 16 8 24
20 15 11 2 26 17 14 4 11 19 10 8 21 3 15 24 4 24 28 5
12 21 29 9 12 12 3 17 5 24 23 3 0 11 0 6 4 25 12 4
4 19 28 13 0 23 5 29 12 24 28 18 4 17 20 21 3 18 18 12
11 2 27 14 7 1 0 4 22 7 20 19 23 4 4 21 25 16 13 12
4 3 7 2 11 20 0 14 6 10 14 12 1 27 2 26 10 26 12 1
18 27 7 1 14 18 9 6 2 12 16 20 24 5 19 19 23 2 1 10
4 12 3 27 13 5 4 4 24 17 13 0 4 9 17 14 13 26 4 16
11 12 21 7 29 26 15 14 24 3 1 27 19 10 24 19 2 17 3 17
4 4 14 18 6 16 23 19 7 26 20 9 29 9 19 23 9 14 26 3
13 13 3 15 17 19 8 17 27 24 27 7 1 3 22 7 3 12 12 15
13 17 29 8 20 23 14 1 20 1 29 7 17 6 23 4 17 19 14 24
13 19 21 23 29 10 0 17 20 14 12 3 18 23 19 9 12 18 15 28
4 8 22 12 2 24 8 21 14 22 20 16 28 27 15 6 9 12 18 13
23 9 29 23 14 9 14 18 10 27 9 6 25 13 23 26 29 0 4 20
2 19 12 0 24 16 3 2 16 21 24 5 11 8 6 1 2 26 1 18
15 12 3 12 6 8 10 17 10 14 19 8 11 3 16 24 19 10 27 22
4 17 14 0 12 4 29 14 6 17 11 10 19 4 18 29 21 19 24 28
12 19 18 18 0 6 14 17 11 12 5 10 10 7 29 3 8 26 25 29
6 12 7 18 1 3 4 5 27 26 28 18 4 3 2 17 27 8 10 14
20 2 6 9 16 12 25 27 3 24 9 27 27 25 10 27 22 18 5 28
6 27 7 2 23 12 18 3 0 23 17 20 21 21 0 2 8 22 18 14
12 4 22 8 8 3 6 10 28 15 29 26 21 14 18 3 3 16 24 5
15 17 11 4 7 10 9 0 21 25 22 23 8 8 6 27 1 23 0 6
28 24 16 2 12 18 20 11 27 18 8 19 25 24 26 13 5 24 7 5
12 29 5 20 9 26 11 24 11 0 23 9 23 5 3 12 11 4 6 17
24 5 9 26 11 26 15 18 4 15 20 17 27 12 23 4 0 11 0 23
12 26 11 18 13 0 10 22 4 2 23 17 16 1 7 3 10 23 16 3
2 12 19 21 6 5 17 21 10 15 29 8 8 28 0 9 19 20 21 14
3 3 11 22 11 29 28 3 17 25 4 13 25 6 29 29 23 29 4 3
8 24 29 14 21 4 3 26 2 21 23 26 25 9 18 6 10 29 19 29
3 8 16 1 11 2 7 23 4 5 1 3 22 20 16 6 26 2 19 12
4 13 2 7 5 9 29 9 24 25 13 23 9 28 6 14 24 12 27 5
4 5 8 11 11 3 4 2 29 9 14 11 5 16 7 16 14 14 8 2
2 24 5 26 18 20 0 1 3 6 22 7 28 11 4 22 7 16 6 14
18 8 7 18 1 17 16 9 19 18 13 15 7 9 3 24 23 27 18 1
26 10 2 4 22 28 22 4 17 24 1 15 16 12 21 23 24 1 27 29
20 6 18 10 5 7 4 4 0 20 12 26 10 6 6 10 3 18 6 27
7 24 12 23 28 9 7 22 5 10 4 25 25 10 4 25 23 29 6 26
4 29 7 28 20 11 13 26 12 18 19 22 3 13 5 19 17 2 13 4
24 3 5 24 20 22 9 20 8 20 1 27 18 17 5 22 1 15 26 10
11 2 13 10 8 10 22 27 25 25 29 9 7 11 3 5 0 6 6 18
2 0 19 28 0 6 21 11 19 5 19 6 20 7 12 9 29 1 7 20
21 15 21 28 28 15 1 2 28 29 18 29 4 14 10 12 26 27 14 18
2 12 21 1 14 11 4 3 26 19 7 8 22 11 8 6 16 18 28 23
4 13 7 12 29 13 25 29 27 10 23 15 22 8 5 1 5 15 19 17
4 10 11 15 5 19 22 14 0 15 7 25 1 8 23 20 18 24 23 6
20 2 15 24 24 17 1 5 8 27 3 29 20 4 8 22 21 13 23 19
1 4 26 29 5 11 6 1 15 4 3 23 14 26 22 2 2 2 29 7
24 3 14 14 7 20 13 14 10 22 8 4 23 25 21 6 8 24 1 19
14 26 23 3 11 27 1 28 6 23 1 11 21 28 20 8 16 18 10 11
4 12 21 4 28 29 23 26 28 27 22 1 10 26 27 16 23 9 27 12
5 14 24 3 21 14 8 13 26 25 18 13 8 20 13 11 3 12 16 18
2 27 18 10 4 27 26 5 3 1 13 2 5 23 18 23 14 21 12 18
17 8 2 19 24 24 23 1 24 6 7 17 2 3 19 19 23 5 4 0
20 11 11 23 4 27 11 29 4 18 24 18 8 6 12 24 7 20 6 9
21 19 18 14 1 19 11 8 9 20 28 2 26 9 0 3 20 21 12 8
