0 22 19 18 29 6 0 5 6 0 19 29 29 29 6 13 15 18 0 28
22 3 14 0 6 29 19 14 14 25 25 1 6 6 15 27 25 0 0 0
16 16 0 9 16 0 16 28 22 18 22 0 0 0 18 25 16 6 0 6
25 7 0 0 6 18 25 16 18 17 19 7 0 16 0 6 0 22 0 0
18 0 29 15 8 22 28 29 27 22 13 15 0 1 19 29 18 18 1 6
6 19 18 0 7 0 16 22 19 0 0 19 25 0 0 28 0 18 25 6
6 25 0 24 6 22 3 0 6 9 0 29 22 6 0 27 19 0 6 0
16 14 16 0 27 17 28 27 0 28 0 17 14 21 17 28 6 27 22 17
24 7 16 19 22 18 0 19 0 0 28 16 22 22 6 24 7 18 28 22
0 6 18 19 9 19 0 0 25 17 9 0 28 6 0 0 0 19 0 25
29 28 5 22 26 6 6 22 25 17 0 6 22 6 22 22 6 26 6 22
17 14 6 0 27 14 15 14 4 21 28 19 14 17 1 12 6 1 6 0
0 25 6 22 7 6 22 22 26 7 29 19 29 22 25 6 25 16 6 24
18 24 6 19 16 7 19 3 0 18 18 0 28 22 0 0 22 18 0 6
22 6 18 21 5 6 19 28 10 0 25 13 7 0 24 18 19 0 25 0
6 22 27 27 29 29 14 27 10 29 27 1 28 19 27 29 1 5 5 21
0 25 27 0 18 18 6 6 18 22 28 25 5 22 19 22 0 0 29 6
6 0 6 22 0 0 0 24 22 19 24 16 24 28 0 0 25 6 7 16
25 0 6 9 25 21 22 0 25 19 25 0 19 25 25 25 0 25 17 22
0 13 15 27 13 23 27 5 27 15 9 5 26 21 29 13 27 9 23 29
7 28 25 18 19 6 0 0 28 28 18 22 0 14 13 18 27 0 22 6
6 17 9 25 28 27 22 29 27 27 6 18 22 18 6 27 27 25 17 25
0 28 29 5 24 5 25 0 6 6 0 16 22 5 5 5 25 25 2 0
18 6 22 18 18 6 22 18 6 22 16 22 22 2 28 0 0 0 18 25
6 0 0 26 16 22 0 0 25 21 18 25 22 29 6 0 22 18 28 1
25 27 28 29 17 18 13 14 14 28 17 28 5 14 0 14 28 29 28 28
16 21 24 21 25 5 5 5 6 5 19 11 18 18 5 27 13 27 0 5
25 23 21 13 3 29 23 27 27 5 29 13 29 18 29 27 19 13 29 29
6 17 0 27 27 29 2 20 3 22 2 2 26 2 4 27 2 1 24 29
22 13 29 25 29 0 0 0 6 23 24 27 9 24 29 25 6 21 6 16
16 24 8 27 11 22 1 25 22 5 6 29 2 5 6 29 27 13 22 24
22 17 15 0 18 7 18 4 29 2 27 14 22 2 18 24 9 27 0 25
0 0 22 6 0 9 0 0 0 0 7 0 25 6 24 25 22 22 0 6
0 17 5 28 17 29 28 27 28 27 27 7 14 1 7 14 17 25 14 14
22 0 6 6 7 25 18 0 18 6 18 18 9 0 0 0 24 8 0 22
0 7 6 6 0 9 20 24 9 22 22 14 24 0 8 6 0 1 0 1
25 0 2 25 0 16 19 0 21 28 29 0 22 22 16 19 25 17 28 27
7 27 6 29 13 27 8 17 14 18 3 14 5 6 21 16 14 0 19 22
0 27 6 25 22 0 6 22 25 6 6 18 17 19 6 26 25 16 0 16
25 17 0 19 17 18 25 0 6 16 22 0 28 6 18 19 16 25 22 0
24 17 22 28 21 6 27 14 21 29 0 25 25 21 29 1 9 29 23 19
16 22 26 1 11 5 1 1 6 0 29 18 16 0 29 22 3 1 11 6
6 27 15 21 28 2 17 27 18 7 0 25 21 17 21 19 22 0 19 2
19 3 29 5 12 27 23 14 27 28 6 8 0 29 27 7 18 27 27 27
25 3 25 27 24 1 26 2 5 6 6 1 13 6 1 29 6 6 27 5
6 28 22 0 22 9 27 5 22 29 29 13 15 22 19 5 29 27 29 22
0 27 1 8 3 29 2 12 5 12 0 6 27 1 16 12 12 27 12 0
19 7 16 7 0 22 7 6 14 25 0 0 22 0 6 6 25 25 18 6
29 18 24 27 0 6 19 25 27 0 18 0 25 0 7 6 6 9 19 18
25 25 17 27 8 16 27 29 27 6 14 1 6 7 22 17 23 0 28 0
19 2 0 16 27 27 7 17 25 9 0 6 22 0 16 0 25 21 22 0
6 6 6 18 6 0 0 22 25 16 18 0 0 0 0 25 18 18 0 6
6 0 1 16 0 12 25 27 0 0 0 5 0 22 3 25 22 25 0 27
25 22 6 0 25 0 2 0 0 25 19 0 0 7 24 7 16 18 22 6
0 22 28 12 0 0 0 7 12 1 28 2 21 0 0 22 0 6 0 19
0 19 6 14 18 22 22 22 18 25 7 0 8 29 22 6 2 0 16 0
0 19 28 13 14 25 2 2 19 6 22 2 22 0 22 25 8 22 7 16
6 7 0 6 28 6 28 22 22 22 29 6 6 18 0 25 6 25 6 6
0 13 12 7 22 22 0 5 22 22 25 9 25 14 19 16 6 6 0 16
7 22 13 29 8 18 25 6 27 27 6 12 0 9 8 0 29 0 8 29
6 6 16 0 17 0 0 22 22 18 0 0 0 24 25 0 22 0 28 0
28 28 21 25 17 13 14 2 3 29 17 0 24 27 27 24 0 6 22 14
6 0 18 9 17 28 25 19 0 7 25 16 29 6 0 19 18 18 0 0
19 29 0 14 26 17 29 13 6 22 27 0 18 19 25 22 27 24 6 14
6 23 6 27 29 14 27 23 2 0 7 27 24 24 15 14 25 7 22 17
6 7 27 18 19 6 22 28 7 0 0 16 22 18 6 25 25 26 25 0
0 23 22 29 29 1 27 29 12 27 27 5 0 24 27 6 11 29 9 26
16 0 25 17 0 0 25 6 0 18 19 0 0 6 6 18 19 22 25 25
0 9 3 22 29 6 27 24 29 6 22 23 14 1 1 28 0 21 29 29
22 13 29 5 11 18 24 0 11 6 24 26 13 13 18 12 16 11 5 24
18 14 27 27 27 17 27 21 17 27 14 17 23 17 28 17 28 23 6 28
16 27 17 27 2 27 27 21 28 14 28 23 27 3 27 13 27 27 8 22
6 18 22 25 0 25 0 16 6 6 6 6 6 25 22 22 6 0 2 22
6 27 23 25 9 28 18 18 4 24 4 25 18 9 19 6 5 9 6 6
9 18 19 9 0 7 18 18 0 9 16 25 16 0 7 25 6 0 7 29
16 6 9 22 26 9 20 0 0 2 0 0 0 5 0 26 6 9 2 19
0 19 29 22 7 6 13 1 6 0 0 27 25 0 3 0 21 9 29 6
0 14 6 25 18 6 5 28 12 29 0 0 0 6 0 15 22 0 0 12
6 18 6 0 21 18 0 3 7 0 6 0 6 18 25 17 0 6 24 17
9 18 0 0 27 28 17 19 27 29 19 18 15 16 2 11 0 21 26 2
0 0 13 27 22 5 6 7 13 17 17 22 25 24 7 19 16 0 6 5
6 18 21 21 8 22 0 6 13 27 27 4 0 22 29 12 25 8 25 21
0 28 2 22 22 22 28 28 8 22 12 19 27 20 0 22 18 27 14 27
0 28 22 0 0 6 9 0 19 0 25 24 5 24 0 0 25 16 6 22
22 18 0 0 16 22 16 19 0 0 0 25 17 0 0 18 18 24 25 24
18 7 13 0 22 19 0 0 25 15 0 15 6 29 0 25 25 0 6 25
0 17 14 17 29 21 2 18 29 7 21 22 6 6 26 2 22 19 14 7
28 29 1 20 20 1 20 20 14 10 20 1 17 0 24 14 17 23 17 0
9 25 7 29 1 22 5 24 0 29 0 18 16 25 6 0 3 18 0 6
25 27 2 27 29 29 29 1 27 5 25 27 29 13 26 2 24 5 13 7
0 0 6 3 0 19 16 18 19 19 14 22 16 18 0 16 24 25 3 22
18 22 0 16 24 19 1 22 25 28 18 6 22 0 16 22 6 0 6 0
6 27 11 5 1 2 28 1 10 26 4 0 29 18 29 22 5 25 13 29
0 6 0 22 0 0 6 0 25 29 0 0 6 0 25 25 0 0 19 25
6 19 19 6 18 0 0 28 0 0 22 7 16 0 18 7 16 18 6 16
22 21 2 27 0 29 28 21 27 28 3 29 27 29 27 13 28 0 7 29
6 0 29 13 6 28 7 25 27 7 18 6 0 5 25 22 28 3 6 0
0 22 27 5 14 0 28 6 9 22 29 5 28 23 29 6 10 25 20 25
25 27 17 17 14 3 27 27 28 14 14 29 6 3 6 13 14 27 22 17
16 0 24 19 19 25 14 15 18 6 22 0 22 4 0 6 9 6 14 24
22 0 6 0 7 22 6 0 6 6 0 0 6 16 0 22 0 6 25 0
22 0 24 18 6 6 25 28 25 0 22 25 0 19 0 19 9 19 22 28
22 6 0 29 0 25 24 22 0 29 0 22 0 22 0 6 18 6 0 25
19 16 6 0 0 6 0 22 6 24 0 22 7 19 6 0 19 25 25 0
0 19 19 22 16 7 29 0 19 0 22 16 25 0 0 0 0 28 13 22
18 3 25 25 4 27 23 22 27 28 0 4 6 17 29 0 27 7 4 27
7 22 6 2 25 2 0 0 7 4 22 19 18 6 6 18 14 1 0 28
18 29 0 6 27 25 5 5 16 16 13 0 22 5 27 27 21 0 22 6
18 7 27 27 6 29 14 14 21 28 28 2 16 0 2 7 3 24 5 7
25 6 0 18 22 25 22 0 0 22 18 0 18 18 0 8 6 6 6 7
6 29 19 28 6 25 6 0 28 29 0 2 6 18 6 25 6 6 6 25
17 26 29 20 1 22 20 29 2 0 22 20 20 21 22 0 1 14 24 24
0 0 29 0 19 21 15 16 27 7 1 13 25 3 27 27 21 22 17 13
16 22 6 17 28 18 9 28 0 21 6 7 19 25 17 14 1 1 29 0
25 6 0 6 22 6 13 6 29 0 6 6 6 7 24 29 0 22 0 7
0 28 23 3 6 28 8 3 0 21 14 27 13 21 7 14 21 28 21 22
25 0 28 14 27 3 29 6 17 27 29 23 6 29 27 27 25 13 16 27
6 0 6 25 0 18 28 0 25 9 6 24 7 0 6 25 7 25 16 18
7 6 0 22 25 0 6 16 29 18 25 6 25 16 18 19 26 29 5 27
29 19 0 19 25 22 0 6 0 6 0 16 22 7 0 22 19 0 0 7
0 6 5 0 22 22 0 6 18 7 0 25 22 25 0 18 19 7 25 28
0 12 0 6 16 22 27 17 29 16 24 6 6 0 0 6 22 6 0 19
0 16 0 0 0 29 24 22 7 24 7 18 13 25 0 18 0 18 29 19
18 13 27 11 9 15 4 25 2 7 23 2 2 6 9 16 3 18 9 0
6 13 1 21 29 27 27 13 15 27 21 5 23 0 27 29 29 22 13 5
25 16 28 23 17 24 25 18 0 6 25 14 16 19 25 18 22 19 0 6
0 13 7 27 0 29 15 1 5 28 0 6 25 25 25 0 21 27 27 21
16 19 0 14 6 1 22 28 22 0 26 0 0 0 17 27 14 19 21 23
25 18 0 26 0 29 28 28 6 0 16 15 6 22 25 6 0 6 7 16
0 28 6 0 21 28 25 6 7 0 29 6 7 6 0 6 16 0 7 29
25 3 14 28 0 16 0 28 19 0 27 0 6 17 22 28 18 18 25 27
0 17 28 0 0 25 8 2 19 15 19 9 19 1 9 22 1 6 0 24
6 29 29 8 24 6 2 8 27 27 19 27 8 12 3 0 25 20 29 0
18 6 0 22 16 7 28 6 0 25 0 0 6 3 25 9 6 27 22 0
0 25 1 29 13 7 27 27 13 27 27 22 27 27 29 27 17 27 27 29
0 0 0 0 0 29 6 0 16 6 0 0 25 0 0 0 19 0 18 19
0 0 6 0 7 25 0 16 24 6 25 22 0 25 6 0 22 6 6 18
18 17 17 6 0 6 14 14 6 17 3 28 29 21 6 28 25 28 25 6
25 25 6 0 0 22 7 6 6 9 16 0 27 25 16 29 22 24 0 6
0 6 28 6 22 0 29 0 16 24 6 26 16 18 22 19 16 6 6 2
25 19 14 0 25 7 0 0 5 19 6 0 7 25 18 0 25 0 7 25
0 22 22 16 0 0 18 0 24 6 0 16 6 2 25 7 29 25 0 0
0 27 22 0 16 0 28 27 19 25 22 18 27 0 6 29 22 6 0 28
1 13 22 27 17 2 3 7 22 29 13 21 17 17 14 1 13 29 27 1
25 15 25 5 0 29 5 22 14 13 24 1 13 25 22 24 0 5 3 5
6 21 0 16 26 28 0 7 22 16 19 0 25 6 16 25 4 0 0 6
7 27 27 2 8 15 27 3 5 29 7 27 16 6 29 22 19 3 7 6
0 0 5 8 15 27 9 13 29 29 28 27 29 1 21 29 23 13 21 13
25 6 5 1 29 13 22 0 9 22 8 2 22 0 22 8 18 15 1 27
22 6 22 22 22 9 0 22 6 25 12 0 6 25 0 25 26 0 25 16
25 29 25 27 0 24 0 25 9 9 25 0 27 25 16 29 19 27 28 19
28 6 1 0 7 27 0 0 29 29 29 8 26 22 22 22 29 18 21 25
25 21 27 28 21 23 17 0 17 21 14 0 27 15 2 14 0 22 14 8
6 9 13 22 22 16 6 22 18 10 23 6 16 18 6 27 27 0 19 0
28 16 29 0 0 2 0 25 14 28 6 18 5 26 0 22 22 5 25 22
25 23 22 16 18 1 1 5 10 7 27 1 14 18 17 21 29 4 7 1
8 0 18 6 16 18 24 18 22 22 18 28 6 19 13 25 25 19 3 7
9 0 2 6 22 20 0 6 0 17 22 5 5 22 6 18 6 0 6 29
0 0 17 0 0 16 22 22 6 22 22 25 3 25 2 25 5 22 25 0
22 1 5 22 27 15 13 27 1 0 5 29 29 18 24 21 6 27 0 1
6 28 5 29 14 1 1 14 2 27 6 0 22 27 21 20 25 29 28 5
19 27 6 28 0 28 6 19 6 9 0 6 0 3 25 6 25 22 0 28
25 0 28 27 14 7 6 14 29 6 12 5 27 12 21 2 22 29 29 13
28 0 25 0 22 25 28 18 0 0 6 19 28 18 25 0 16 25 6 0
0 14 29 0 22 0 1 29 27 24 25 1 14 18 25 23 28 29 27 9
17 25 28 26 29 25 7 16 0 0 19 6 29 22 22 19 22 27 0 22
17 16 29 0 22 0 0 29 16 28 0 0 16 25 25 0 25 0 6 18
0 0 16 0 16 25 25 25 27 0 0 0 0 28 16 18 25 22 6 25
16 17 0 22 16 6 6 16 0 0 7 22 22 0 7 18 19 7 6 6
0 6 25 29 26 0 13 2 6 6 12 22 18 26 18 15 18 20 17 6
22 29 9 12 27 29 13 1 29 29 29 6 0 29 14 29 27 29 29 1
6 0 24 18 19 6 0 0 0 22 6 22 0 0 22 0 24 19 6 22
19 18 16 0 28 6 6 25 18 0 0 0 19 0 25 16 22 6 25 0
0 18 0 22 0 0 0 6 6 6 7 6 19 6 6 6 0 7 22 19
0 29 19 27 16 27 22 24 19 25 6 28 21 0 18 0 7 6 13 16
6 0 28 16 0 25 21 22 6 6 22 24 25 0 29 22 0 28 0 0
25 19 17 19 29 19 28 5 0 6 25 0 21 16 25 0 17 6 22 6
6 6 28 25 24 18 17 19 6 16 0 6 0 18 22 25 18 22 6 0
0 22 25 6 0 16 6 24 0 22 25 6 27 14 19 0 29 28 6 22
6 27 27 18 25 7 12 25 27 16 1 12 22 5 6 23 0 5 13 9
6 6 0 22 6 18 0 0 0 7 7 29 22 18 22 22 6 5 25 7
16 18 22 22 28 17 6 23 14 6 5 6 22 18 6 2 28 1 1 27
16 9 27 18 28 22 19 0 21 3 7 27 18 17 25 3 7 25 25 28
0 29 25 1 29 7 23 0 29 26 6 28 6 0 10 22 6 11 0 18
18 22 21 13 29 9 27 10 13 26 13 15 5 21 15 21 29 29 15 29
0 7 17 6 18 6 27 17 22 6 24 6 2 4 6 17 22 6 0 26
25 18 5 16 0 24 25 19 17 22 27 15 24 23 3 1 22 7 15 24
18 15 8 18 27 18 24 27 16 25 7 29 1 25 21 16 25 6 5 27
6 14 19 6 18 14 0 0 0 25 0 0 27 1 24 6 25 6 18 25
18 25 6 16 7 7 25 0 19 6 25 22 25 28 18 22 22 6 6 18
9 29 18 3 2 16 12 8 27 11 13 2 0 22 23 27 29 29 5 21
25 0 25 0 0 24 7 22 0 0 0 16 28 6 6 6 18 0 0 7
25 17 0 13 0 21 27 18 25 5 27 23 0 18 25 6 21 6 22 0
24 19 18 29 6 0 16 27 14 19 7 22 25 0 27 17 8 0 1 0
6 29 25 24 6 6 19 25 5 5 5 18 6 22 17 29 28 24 25 5
19 9 27 1 23 13 7 0 5 7 23 26 24 25 13 0 28 6 29 0
9 15 5 5 18 5 21 29 13 13 5 0 5 1 24 5 24 24 5 5
18 5 22 27 27 27 23 1 5 15 17 2 22 6 8 6 6 21 22 2
0 29 22 27 1 27 22 5 28 17 13 17 29 27 17 27 24 24 27 1
6 0 0 0 6 0 0 18 18 24 0 19 22 25 6 6 0 7 22 0
7 11 29 29 28 6 27 28 18 17 6 0 13 0 0 19 6 28 14 23
22 0 18 0 24 22 19 0 25 0 0 6 0 6 7 22 6 6 22 6
25 19 7 18 25 7 0 0 6 18 25 0 22 25 25 6 22 29 9 14
25 14 22 0 7 22 0 0 21 22 0 25 22 6 6 28 0 16 19 16
19 19 6 6 21 7 28 0 6 28 6 22 24 29 24 6 25 0 6 25
22 15 22 15 1 29 29 5 0 23 25 17 27 28 29 25 3 19 29 17
6 5 16 5 26 6 18 29 29 27 5 18 29 6 24 6 26 22 22 22
16 14 0 0 6 22 23 22 11 17 22 22 23 0 27 20 12 16 29 6
6 6 25 25 22 9 19 16 6 9 19 6 0 6 14 18 25 22 16 18
7 17 19 18 6 16 25 6 7 16 28 0 6 24 25 6 16 19 18 7
7 22 0 0 9 0 19 25 0 28 19 22 28 0 0 0 28 18 0 3
16 19 6 8 0 19 28 6 6 16 0 19 0 16 29 6 0 0 6 6
19 18 27 19 28 14 29 1 15 22 7 6 13 15 15 1 0 24 13 23
22 25 0 18 26 26 26 6 22 6 1 6 6 26 29 16 0 16 6 25
0 17 27 27 1 27 5 17 1 1 17 3 29 24 17 18 2 1 0 0
0 6 3 21 23 29 24 25 8 22 0 19 17 3 0 18 14 27 0 14
0 22 15 28 28 15 16 17 17 28 21 27 12 14 17 13 27 3 14 28
19 22 6 25 17 6 0 0 22 22 19 22 25 0 22 6 0 0 25 6
0 14 6 13 19 25 21 8 28 28 22 22 14 27 25 28 25 27 16 0
16 7 19 24 29 22 19 0 9 25 25 22 24 6 25 25 6 0 19 25
0 0 0 0 25 0 18 19 0 6 0 25 0 25 0 0 0 25 25 0
6 16 0 29 14 18 2 28 6 17 2 0 29 22 22 3 0 22 26 14
6 17 17 27 3 0 7 14 19 13 6 0 0 17 25 18 17 22 17 28
18 6 24 0 22 19 0 6 0 0 16 0 25 22 6 25 0 25 16 22
25 3 5 10 29 6 22 6 29 2 7 24 6 5 29 25 29 20 6 1
25 14 5 14 6 6 26 1 6 6 2 29 18 26 5 28 5 22 12 6
22 16 0 22 0 18 0 18 25 0 18 0 18 7 16 22 7 22 0 0
6 19 18 9 25 19 7 17 24 6 6 28 6 16 0 0 25 29 18 18
22 27 5 2 24 1 27 21 26 4 2 29 6 24 21 22 29 3 14 26
25 28 0 18 18 22 27 6 22 0 22 25 28 25 15 18 29 0 25 25
19 0 6 27 0 18 0 29 24 0 25 7 6 25 22 0 0 27 29 19
25 15 16 25 0 25 6 28 18 0 0 9 0 9 0 0 16 8 19 28
6 25 6 17 0 7 6 15 0 28 0 0 6 25 22 25 6 28 7 27
16 1 13 0 22 22 23 19 19 22 27 22 0 25 22 18 9 0 29 29
22 24 6 12 0 12 0 22 0 29 6 6 7 19 18 26 25 26 22 2
0 29 21 4 17 7 17 9 3 12 9 14 29 22 2 29 12 21 26 2
0 13 18 21 27 21 0 27 27 27 21 0 5 25 27 18 0 19 16 18
19 28 24 0 22 23 27 18 23 23 0 22 8 6 25 25 23 23 15 0
6 21 22 2 22 0 24 27 26 6 26 19 22 6 6 5 18 22 29 9
0 5 27 27 27 17 5 28 29 28 3 14 29 17 27 14 14 27 27 17
25 17 3 25 25 6 6 25 0 22 16 25 0 16 0 29 25 6 25 0
0 22 0 28 6 6 0 17 25 7 16 16 6 6 0 7 19 24 22 6
0 28 22 19 0 25 16 0 18 8 0 27 25 0 22 3 22 18 22 21
6 2 6 0 27 6 22 25 18 18 28 4 29 20 22 9 28 14 28 14
22 18 6 6 2 22 18 6 26 6 5 5 22 26 22 9 1 22 24 29
19 6 19 6 17 0 28 0 16 24 22 18 28 6 18 18 0 25 22 0
28 19 6 29 27 29 13 22 5 0 15 19 13 22 27 29 13 15 29 27
22 0 19 6 0 6 24 25 17 6 24 22 18 6 25 6 17 25 0 25
0 27 21 6 20 17 28 14 26 6 1 0 17 3 24 19 8 14 14 2
0 0 22 0 25 16 7 0 29 16 6 6 25 9 24 0 0 9 25 0
25 5 25 7 7 9 7 22 9 0 25 18 0 18 6 6 6 22 17 0
0 26 22 27 5 24 7 27 13 5 5 1 8 5 5 0 22 5 24 18
22 17 24 25 27 22 0 6 16 3 27 24 23 27 4 22 27 27 0 14
25 14 29 21 27 29 27 27 1 23 17 22 28 7 1 17 28 5 17 1
0 7 18 25 6 9 28 16 16 7 28 27 0 6 0 3 22 28 0 18
6 28 18 6 25 0 0 6 18 25 0 6 0 6 22 0 19 22 22 19
7 18 25 22 0 0 18 6 0 0 0 24 22 18 14 24 24 0 22 19
28 27 6 0 13 6 29 0 6 16 13 0 0 27 29 29 13 1 15 22
22 22 6 14 17 9 0 24 6 19 19 25 14 27 27 0 18 19 22 28
0 29 21 28 17 23 14 18 12 21 0 4 28 28 17 1 28 13 27 22
25 22 27 25 5 9 25 26 6 25 27 0 18 9 22 9 6 9 26 22
6 24 27 0 25 25 15 6 25 0 8 18 16 6 0 6 2 29 6 6
0 6 21 1 18 0 22 27 23 6 9 27 18 0 22 27 27 27 3 6
25 6 6 22 9 6 19 0 0 0 16 25 0 22 18 22 16 29 18 0
22 6 13 6 0 0 7 25 13 16 18 5 22 0 25 5 5 27 28 0
6 19 25 27 16 27 0 6 17 29 6 1 13 19 23 13 6 1 6 0
18 5 5 14 19 5 22 27 6 9 22 6 21 16 27 4 3 5 0 6
9 19 6 6 25 28 0 29 1 7 25 29 0 0 18 6 0 0 0 25
18 6 6 22 23 16 22 29 16 25 22 22 22 28 6 7 25 6 9 25
0 0 0 16 28 17 7 6 16 0 0 6 6 28 28 19 24 0 6 24
18 14 22 29 15 29 0 25 29 28 18 7 6 18 6 17 29 18 13 7
18 16 25 22 19 6 25 6 6 7 6 19 9 6 6 0 18 25 25 0
19 15 13 13 5 27 9 29 29 21 13 29 27 12 27 5 27 29 14 13
0 21 16 18 8 25 3 22 22 6 17 11 0 25 22 6 18 3 29 8
0 18 16 28 6 7 6 18 0 17 6 25 25 19 25 0 0 0 0 22
0 0 22 18 25 0 0 22 0 25 0 6 7 18 7 0 24 18 5 27
0 6 0 0 18 18 9 19 6 0 24 22 25 6 0 0 6 6 0 19
0 21 0 5 0 6 9 0 13 25 0 18 22 25 0 25 29 0 0 0
0 18 22 29 29 14 3 28 24 1 29 1 0 9 9 28 25 3 0 1
17 29 0 7 20 21 1 13 1 20 22 8 17 27 1 14 27 7 17 27
17 19 16 7 29 0 0 29 25 8 1 6 25 29 23 7 25 0 5 19
22 28 19 28 21 6 0 27 6 28 14 6 0 6 6 7 25 6 27 25
0 22 22 26 6 0 7 6 27 0 0 6 12 19 19 6 25 0 22 25
22 28 6 0 7 3 28 6 0 0 6 0 10 7 16 6 6 3 0 0
0 18 0 25 7 17 17 22 0 7 19 0 7 17 18 22 6 21 24 22
7 16 0 0 6 16 14 25 0 22 0 0 16 18 25 0 24 28 6 0
25 25 22 29 0 28 25 18 22 0 0 0 8 18 18 25 17 0 6 7
7 22 6 24 5 7 25 13 18 29 12 0 29 18 8 0 25 5 22 19
6 17 0 27 17 16 2 14 15 27 1 7 16 29 2 2 7 2 23 25
19 29 29 29 21 13 22 25 27 1 0 0 0 25 13 1 29 29 25 6
22 18 22 22 0 0 19 6 0 0 22 18 0 25 0 22 25 6 25 19
9 28 21 22 22 22 0 18 0 18 18 6 9 27 15 7 22 14 0 0
16 22 25 25 0 25 27 25 24 29 17 29 5 22 0 0 27 6 22 22
0 26 25 22 5 25 0 18 9 0 29 16 2 19 6 25 15 0 24 6
18 19 6 25 25 18 9 22 6 0 6 6 16 25 0 0 0 6 18 7
0 0 18 25 6 0 9 7 0 0 0 6 25 6 28 25 6 6 0 0
0 19 1 5 5 24 27 11 5 5 5 11 21 21 5 12 5 27 27 25
0 17 22 0 6 18 0 22 0 0 25 0 6 24 6 0 25 0 22 19
19 27 25 28 18 0 6 7 18 6 16 25 22 0 17 0 21 18 0 0
6 16 3 26 2 16 28 28 17 2 2 14 14 13 27 3 14 6 14 29
18 25 0 6 6 25 6 18 19 0 6 7 18 22 6 0 22 0 6 6
0 6 6 17 7 25 0 0 0 0 0 1 0 6 22 0 28 24 24 16
0 17 7 26 0 6 6 18 0 0 25 25 16 25 16 0 28 6 16 0
6 27 28 1 6 17 22 18 14 14 3 6 27 28 22 6 12 22 28 14
0 27 24 5 24 0 5 0 29 0 18 5 28 24 5 24 5 5 19 21
25 16 0 25 7 0 18 0 18 18 18 0 22 6 22 0 27 0 28 0
7 22 19 29 29 29 16 0 7 25 0 18 28 0 8 6 25 28 0 6
25 27 28 25 22 0 0 27 18 3 0 0 1 0 19 17 28 6 24 6
25 7 0 0 0 25 28 18 25 25 6 16 25 6 8 6 0 22 7 0
19 0 29 6 16 22 0 22 6 18 19 13 19 6 5 18 0 0 6 25
0 28 5 18 22 0 0 28 29 24 6 9 18 18 22 18 22 25 16 26
24 22 24 6 28 29 27 6 18 24 5 29 0 25 6 9 29 0 22 18
0 28 0 28 28 27 6 17 15 27 21 14 22 28 17 25 17 22 17 27
22 16 29 0 22 24 18 25 18 22 0 0 0 29 22 3 0 16 0 18
6 5 19 27 5 29 25 5 8 1 27 20 24 19 27 19 27 21 19 5
0 3 18 6 10 29 17 0 6 0 22 14 5 6 6 6 12 12 25 0
18 27 0 29 0 27 29 29 25 0 0 13 0 18 0 0 28 18 0 19
25 28 0 28 20 6 22 6 6 0 25 22 0 6 0 6 22 25 16 7
0 27 24 16 7 27 23 18 0 19 22 15 19 23 14 0 23 6 18 11
28 22 7 6 25 6 0 0 22 0 6 0 0 6 0 28 19 0 19 25
18 28 3 9 0 19 4 12 23 22 21 18 27 2 28 7 28 13 27 4
25 25 18 14 28 22 22 0 25 19 22 16 0 6 0 18 3 6 0 0
8 6 9 16 7 22 18 0 25 6 0 25 0 0 6 29 7 7 6 28
29 14 7 28 6 29 1 25 28 1 21 0 22 18 0 3 29 19 14 25
28 29 17 22 12 13 6 21 29 21 16 16 29 28 7 25 21 22 19 17
0 0 25 24 6 16 6 25 0 16 0 18 29 6 6 0 18 9 6 25
0 28 17 17 13 21 0 27 23 1 5 9 6 0 2 24 14 1 9 14
6 18 18 19 22 22 18 22 22 0 27 3 5 5 22 5 22 16 4 17
6 0 6 2 14 16 0 22 27 14 28 25 18 1 14 1 3 1 22 10
25 6 6 0 25 21 0 6 18 22 27 18 6 28 29 6 6 6 0 9
0 18 6 22 6 27 16 25 18 19 22 6 0 25 0 22 6 0 18 24
0 28 17 7 27 28 29 14 6 6 6 13 5 29 6 27 28 6 27 28
6 7 25 0 6 1 25 23 25 18 16 0 0 6 0 13 9 25 6 5
25 29 6 6 0 0 19 25 8 0 8 0 22 29 27 12 0 21 29 6
18 28 28 24 18 25 18 19 22 7 29 18 6 18 22 28 25 22 0 25
16 6 6 25 3 29 21 8 27 1 6 25 24 3 8 20 1 20 1 9
22 22 7 0 24 0 22 0 3 25 6 27 18 6 6 16 25 0 19 18
6 9 18 18 18 0 0 0 25 22 24 7 22 22 6 25 19 25 0 22
25 17 14 1 5 1 1 1 19 27 1 2 29 1 15 29 14 15 27 28
0 21 21 28 22 13 27 12 21 29 5 17 27 27 14 21 22 14 28 17
0 6 0 25 28 6 25 18 25 0 0 6 17 0 14 22 29 6 22 19
7 22 27 0 28 29 21 6 3 1 27 27 6 6 16 22 29 14 1 8
25 21 27 17 0 28 27 25 8 14 23 6 4 15 23 25 9 27 8 27
0 28 27 0 13 25 17 22 29 17 17 19 6 13 7 27 5 13 25 28
16 22 22 18 22 25 1 25 6 6 0 19 29 22 6 22 22 18 6 6
25 29 6 0 25 13 7 0 25 25 18 28 29 25 0 18 15 0 5 25
22 0 0 18 21 29 0 22 25 19 19 0 0 18 19 18 6 25 6 7
0 29 29 28 25 27 29 27 25 6 29 27 18 24 27 6 27 27 13 6
0 1 24 24 12 5 22 5 27 27 5 5 5 5 12 18 18 24 27 5
6 18 7 0 22 7 27 16 17 6 5 28 28 0 19 25 0 5 25 6
0 13 5 13 1 19 18 0 27 0 24 15 15 27 27 1 23 29 1 21
22 0 0 1 0 5 21 22 5 22 0 19 6 16 7 7 6 0 18 25
16 19 19 27 6 13 29 25 25 9 6 18 6 0 24 25 18 6 18 29
0 0 0 6 17 22 7 18 6 0 22 0 22 0 0 24 28 6 15 9
18 0 0 0 28 23 0 0 18 0 9 0 27 29 22 0 22 19 18 0
0 17 0 6 25 16 22 17 0 6 0 25 0 0 22 18 16 6 0 6
0 0 16 15 15 28 28 15 24 2 27 17 17 0 28 1 29 28 14 28
25 27 27 25 9 2 17 19 18 0 28 28 22 6 14 25 21 19 9 26
0 22 22 20 9 3 28 6 22 24 25 20 16 6 22 0 19 18 6 25
22 16 25 6 25 6 27 18 0 6 0 28 19 25 0 0 12 5 6 18
0 22 18 25 25 18 6 25 3 9 22 6 6 25 6 6 25 25 29 6
7 27 14 25 26 25 0 22 0 6 22 18 0 22 22 14 0 20 25 17
22 18 22 0 7 0 13 18 6 5 19 16 13 0 21 5 5 28 5 5
0 19 7 0 25 24 25 25 0 28 6 22 6 27 22 0 7 2 17 27
25 19 25 6 24 0 24 29 5 2 6 29 27 0 0 0 22 6 0 22
25 6 28 6 0 17 19 6 16 25 0 0 6 7 0 25 28 6 6 0
25 22 27 29 25 25 27 0 0 14 28 0 16 0 16 22 18 0 22 0
6 22 0 0 17 19 0 22 24 6 0 0 0 25 7 3 24 28 0 24
14 29 6 29 27 6 6 18 22 6 6 18 22 6 29 22 29 2 6 22
16 22 22 25 0 16 25 22 0 18 0 0 7 6 25 16 17 22 19 22
0 22 7 29 7 0 0 0 22 22 6 22 22 2 0 6 18 16 22 18
22 22 6 22 0 6 0 25 6 19 6 0 14 6 0 6 0 0 0 0
6 21 17 28 15 27 27 28 28 14 21 4 14 12 14 21 28 17 27 21
7 15 13 24 6 26 6 0 28 6 25 28 27 9 0 0 13 6 0 18
18 0 27 29 25 19 22 0 27 29 27 16 0 27 13 0 0 27 5 27
24 28 2 17 25 27 23 21 3 17 17 27 21 28 27 14 8 12 27 23
7 18 27 12 0 18 29 25 0 3 21 0 16 21 22 27 28 22 4 16
22 21 26 18 27 14 15 16 0 28 15 18 18 26 2 21 6 6 29 5
28 17 0 24 28 24 5 8 25 12 22 18 0 24 23 20 26 17 6 0
16 22 6 0 16 29 22 25 0 24 27 6 6 19 29 2 29 27 29 24
22 18 0 0 0 3 18 6 25 0 0 22 22 0 6 6 6 0 17 0
0 22 25 0 25 27 29 6 25 12 0 0 6 26 29 18 1 6 0 22
0 23 22 21 9 27 5 24 3 6 13 12 5 24 10 8 27 22 29 27
14 22 17 23 2 2 29 27 27 22 28 17 6 21 27 17 21 2 3 18
28 0 3 17 27 0 6 22 25 27 7 21 6 16 6 9 24 0 0 0
22 0 25 21 27 22 27 5 27 21 14 29 29 14 1 28 28 29 29 22
9 28 23 21 28 17 14 21 28 28 17 27 27 21 28 21 27 28 21 14
9 14 28 16 3 3 14 22 23 17 17 2 27 21 27 24 17 18 21 21
16 6 29 17 19 25 28 22 0 7 22 27 2 22 5 22 27 9 28 0
0 0 0 25 0 0 0 18 25 28 0 6 25 9 0 28 6 28 0 6
0 27 18 17 14 22 7 28 25 18 0 22 22 28 28 0 18 28 6 6
25 21 22 27 16 1 21 9 1 2 17 18 2 7 6 4 0 0 2 0
0 27 3 23 28 14 9 4 6 5 27 28 25 19 27 19 14 4 7 28
25 17 23 27 21 12 24 8 15 27 17 29 24 21 6 22 12 29 24 1
22 21 0 5 15 28 7 0 29 13 5 22 0 21 28 5 5 28 18 19
16 13 0 29 0 27 21 27 1 18 1 1 15 29 27 1 13 29 5 13
19 0 6 6 16 6 25 0 0 0 0 18 6 22 28 25 0 18 25 0
18 25 22 0 25 0 6 0 16 22 6 17 19 0 25 6 22 0 6 25
0 28 18 6 0 0 19 25 24 16 19 6 6 20 16 20 28 13 22 17
28 6 9 19 18 18 3 22 0 25 0 29 0 0 22 17 6 0 0 6
0 22 0 18 22 22 0 0 0 18 6 21 6 0 0 7 6 25 7 0
0 17 19 19 14 14 28 18 27 21 29 27 17 5 3 17 7 22 13 6
25 27 29 9 17 6 9 1 17 22 1 6 20 17 27 27 29 14 2 14
25 16 28 7 18 16 22 16 22 0 22 19 0 0 18 22 25 25 22 0
6 25 22 0 0 7 16 0 22 19 6 6 0 6 22 22 16 0 6 0
9 0 24 15 5 22 28 6 23 3 8 27 0 25 18 22 29 0 28 0
0 27 15 15 27 29 5 29 27 23 6 13 29 0 27 29 24 5 27 29
16 22 22 18 25 6 0 7 0 0 19 25 0 0 6 17 18 6 28 0
9 0 6 29 26 0 16 17 27 29 22 19 29 27 5 6 27 29 6 22
19 6 3 28 22 27 3 17 29 29 0 0 28 25 3 22 16 18 22 22
0 25 18 0 27 0 16 29 26 13 18 27 6 7 29 25 7 23 6 22
0 16 27 0 28 6 18 14 0 16 0 16 6 17 27 6 0 27 18 6
7 0 0 19 19 25 22 25 6 6 0 16 22 22 18 22 22 6 2 22
0 27 8 5 5 22 22 2 29 12 29 25 12 21 27 26 5 12 22 6
0 15 19 18 5 29 27 21 29 14 28 29 0 5 22 22 13 22 21 9
25 7 29 0 6 6 18 23 25 3 15 6 7 0 2 16 19 18 21 0
0 17 0 9 25 16 0 0 23 19 24 6 18 0 23 25 6 0 14 28
7 27 13 22 6 23 22 29 29 15 6 5 1 1 5 21 28 29 15 1
16 29 28 16 1 29 27 6 17 0 2 28 28 14 14 2 3 0 25 3
19 6 22 0 6 22 29 6 6 18 22 0 22 0 29 6 6 6 2 5
6 18 6 0 7 25 0 22 18 6 29 0 0 6 28 21 6 6 22 19
22 0 0 1 5 0 18 13 0 29 0 6 0 29 9 5 22 19 28 6
8 29 18 7 5 22 25 0 22 20 1 26 0 13 27 6 0 6 25 15
6 29 27 29 0 6 15 6 5 1 27 13 29 1 1 13 20 15 22 27
22 6 7 22 0 6 17 14 6 21 17 25 3 25 29 25 0 16 22 0
0 9 6 0 22 25 0 6 24 0 17 0 16 0 19 6 18 0 0 0
6 22 29 6 17 26 5 22 2 6 27 22 24 29 15 22 2 27 2 22
6 25 22 18 25 6 18 16 29 22 8 25 28 0 14 6 22 16 1 6
0 14 18 0 16 18 22 3 2 20 0 16 5 0 19 22 9 25 26 0
22 18 18 16 27 19 18 17 0 12 15 0 22 24 10 18 22 22 17 0
25 18 28 18 27 11 17 23 3 27 17 3 0 15 15 21 3 21 14 0
19 18 0 22 13 29 0 0 25 18 6 5 16 0 6 6 6 6 19 18
0 25 28 25 0 0 0 0 0 0 29 6 22 6 0 25 6 25 16 6
25 18 3 14 18 28 24 18 22 25 0 0 0 16 25 22 22 0 18 22
18 15 16 13 5 13 6 27 25 24 19 16 6 1 3 22 3 28 27 25
22 0 22 6 29 16 22 6 16 3 0 22 0 26 0 28 22 18 6 29
16 28 16 21 27 23 1 0 18 3 17 22 14 25 17 27 3 0 5 21
25 6 13 27 27 0 0 22 25 25 0 6 27 13 0 29 9 7 0 2
7 7 6 6 5 22 6 0 0 6 28 25 0 18 28 25 6 6 0 28
0 27 6 2 25 24 26 0 26 26 22 29 0 27 24 6 6 21 6 0
0 6 19 18 6 22 0 18 6 6 14 22 6 26 22 18 6 0 20 19
28 0 22 6 3 26 18 26 6 6 6 16 2 29 24 6 22 0 26 6
0 15 18 0 25 13 27 25 29 19 19 13 25 25 29 27 22 13 0 29
25 0 6 29 0 9 25 0 0 16 7 25 7 0 12 25 6 20 0 6
22 27 23 29 24 29 27 29 5 29 15 1 27 0 27 21 29 27 27 29
6 22 18 22 19 18 19 14 22 6 6 6 28 0 19 22 19 6 0 0
0 18 29 27 19 22 12 19 0 6 24 0 22 19 25 18 25 21 27 27
6 14 19 23 25 29 0 6 27 27 5 22 17 22 22 7 3 22 14 6
25 28 27 3 27 14 29 0 7 23 27 8 19 12 26 2 23 14 12 7
7 28 28 0 25 22 14 0 27 0 14 12 19 14 28 8 27 22 12 19
25 14 1 7 6 6 18 27 22 23 22 25 25 0 28 15 25 27 6 6
19 0 0 21 16 22 13 13 13 8 18 0 16 18 22 6 29 22 29 13
0 15 21 28 15 28 25 14 21 5 19 0 27 14 17 27 16 25 22 6
28 0 6 6 0 22 25 28 0 6 22 6 0 22 22 6 6 19 0 5
28 0 14 6 6 18 22 0 6 6 18 27 0 0 24 22 0 6 22 25
28 25 16 25 22 29 24 0 19 0 6 19 16 28 22 0 0 28 0 22
16 13 27 24 29 22 27 21 13 13 29 1 25 6 20 22 5 27 9 0
0 0 18 6 0 25 6 22 25 6 0 22 6 0 28 0 0 19 6 6
22 22 2 14 6 24 6 22 29 22 5 6 5 27 5 29 1 22 29 25
0 6 0 29 6 0 13 5 22 24 5 24 6 6 16 13 22 22 0 6
0 18 22 27 22 7 1 27 28 19 21 2 14 15 28 27 27 7 21 27
25 1 28 5 12 5 27 0 25 6 0 5 5 6 27 24 5 13 16 22
25 3 13 17 17 27 26 3 1 3 7 4 29 17 7 1 21 27 28 27
25 14 21 28 22 14 3 17 3 21 0 3 17 22 24 27 17 7 21 9
0 0 27 9 16 19 0 19 28 6 27 19 0 16 27 6 17 28 16 3
0 27 29 29 22 6 29 1 27 2 15 13 21 13 13 27 29 29 1 5
0 16 29 0 25 19 27 6 7 7 5 29 28 28 13 22 25 19 0 6
25 9 6 20 0 22 6 18 29 19 24 6 8 26 6 0 12 5 28 17
22 25 28 18 28 22 0 0 18 6 0 6 3 7 25 0 25 22 9 16
0 25 13 5 13 29 27 7 29 5 29 5 27 29 22 0 6 27 22 29
0 0 29 27 22 0 15 28 22 0 6 22 27 25 19 6 17 23 7 6
22 25 27 6 25 0 0 3 18 25 0 0 0 0 0 25 0 0 0 22
0 16 27 22 1 6 1 4 13 27 4 27 6 26 24 26 7 7 22 3
0 21 29 28 21 27 14 28 20 21 28 21 3 14 2 3 7 13 17 2
22 29 16 29 6 22 6 16 7 6 0 0 25 18 19 22 16 22 6 28
7 17 27 9 18 9 14 5 18 23 22 22 28 17 8 0 6 27 1 1
0 18 16 0 27 1 0 19 6 1 22 25 0 6 0 28 13 29 22 16
19 6 22 22 22 0 27 6 0 6 19 16 25 28 7 6 16 19 0 0
0 15 12 12 13 27 24 0 27 5 27 0 5 27 25 8 29 15 27 18
22 22 18 0 22 0 0 17 25 25 24 29 22 29 22 16 18 18 6 0
18 0 6 18 22 6 0 14 14 0 6 12 0 0 22 22 29 29 28 0
25 18 7 6 6 22 16 19 22 0 0 28 22 0 22 19 0 0 0 25
19 5 22 0 3 0 6 6 6 14 6 25 17 0 25 14 26 27 7 28
6 0 18 27 0 28 25 21 25 9 22 6 0 16 24 25 25 0 24 16
0 22 7 3 21 7 21 28 2 7 25 26 18 22 6 6 9 17 9 22
0 6 25 17 18 22 6 18 25 25 0 6 0 25 22 28 18 0 25 3
16 18 28 6 16 0 0 0 16 0 9 6 6 0 0 0 25 18 19 0
6 18 0 6 0 0 0 6 25 19 0 16 25 22 6 0 19 0 0 6
0 0 25 3 18 24 0 29 29 3 19 16 22 0 29 18 0 19 0 19
16 6 19 22 0 0 0 25 0 22 0 25 7 0 0 19 0 28 0 25
22 25 0 18 25 18 25 27 24 25 0 0 28 22 25 6 25 22 25 0
9 0 28 25 18 18 25 0 18 6 6 17 28 21 21 28 0 0 0 28
0 9 14 3 6 16 0 6 14 0 13 27 25 1 14 28 1 28 0 0
0 0 6 19 25 7 18 29 6 6 18 19 28 6 0 12 18 6 0 25
14 5 16 13 5 24 22 21 6 13 0 17 3 29 2 0 25 19 6 16
29 0 18 1 7 15 22 15 3 1 29 13 1 29 25 21 25 0 0 27
6 22 19 25 8 0 0 25 28 16 0 6 0 7 25 28 19 5 0 0
25 0 0 0 0 22 22 25 24 16 7 22 0 6 29 25 6 19 18 13
28 7 16 28 24 25 22 0 22 6 0 7 6 16 6 0 18 17 0 0
6 0 6 0 28 26 6 22 0 28 18 16 17 2 19 26 2 0 16 6
19 16 0 0 16 25 0 6 25 29 7 16 28 25 16 0 7 6 25 0
25 21 9 7 13 23 6 27 22 1 0 25 16 0 14 6 19 6 29 0
6 22 25 6 19 18 0 18 29 18 0 25 0 0 6 25 18 0 0 0
0 0 24 0 16 22 25 7 14 22 25 6 0 25 6 17 16 6 25 25
9 27 26 14 5 29 2 5 6 22 27 22 29 29 22 5 5 24 5 6
0 23 5 0 18 12 8 24 8 13 25 13 29 29 27 29 25 12 8 15
6 22 22 25 26 16 24 14 0 22 29 20 29 6 24 0 29 2 22 27
0 29 29 21 4 28 27 0 17 19 2 15 14 21 5 22 25 28 4 2
0 13 27 24 28 13 1 21 29 27 1 3 29 21 29 21 27 27 12 6
18 28 18 0 6 22 0 16 0 25 7 0 18 6 0 16 17 19 25 16
19 7 22 16 0 24 13 28 13 28 21 16 0 27 1 28 14 25 0 25
9 0 0 29 25 18 22 27 0 1 6 1 3 0 0 29 12 12 25 9
0 0 6 14 0 28 0 29 6 25 0 22 0 22 0 5 22 14 6 26
6 6 26 17 2 25 6 28 0 7 6 6 6 19 7 22 12 29 0 6
0 0 26 24 25 9 0 29 0 28 0 0 0 27 6 8 24 25 0 27
18 16 27 13 16 16 27 19 7 0 1 29 0 29 0 29 29 18 26 17
22 27 25 5 26 23 2 25 0 3 29 14 18 6 29 6 6 13 22 6
18 22 6 26 29 6 6 29 16 5 6 6 19 6 18 26 18 26 6 28
18 7 6 16 18 18 19 0 25 17 0 25 25 0 6 6 0 0 3 25
18 7 0 18 0 6 19 17 19 28 16 27 6 0 6 25 25 23 6 0
0 18 6 6 29 22 0 9 22 6 22 25 6 22 29 22 18 18 16 19
28 5 5 22 0 5 6 25 20 18 6 22 14 19 17 22 19 27 6 18
7 17 17 0 22 22 13 21 3 28 29 2 17 28 17 17 0 3 6 24
25 22 13 24 28 13 13 25 5 5 24 5 24 5 24 0 28 5 24 6
19 6 25 28 13 6 29 13 6 19 25 7 0 0 27 25 25 5 29 25
0 17 22 9 6 0 6 18 28 6 13 22 5 22 24 29 25 27 0 6
18 29 0 14 25 3 21 25 16 0 1 14 29 17 21 0 27 16 24 0
0 0 28 0 21 18 22 7 18 0 6 25 0 25 19 19 0 0 6 19
18 22 25 5 18 0 24 0 0 22 25 0 0 8 0 22 27 6 0 0
6 16 25 24 25 7 6 18 6 6 7 25 0 18 17 22 19 19 0 0
14 0 25 0 6 16 6 22 0 25 18 18 7 0 26 18 29 6 25 7
0 0 25 0 0 18 6 28 0 28 25 22 22 0 0 18 18 28 22 0
25 6 29 26 26 25 0 16 24 7 0 26 5 22 6 28 14 19 22 29
0 18 22 9 9 25 22 25 25 0 18 7 6 13 22 0 0 1 18 19
6 6 6 6 5 29 21 21 1 22 16 27 6 29 16 15 0 13 29 0
25 29 29 5 0 27 6 6 0 27 5 0 22 12 5 3 5 0 5 16
18 18 6 6 7 25 25 0 25 22 22 19 6 18 0 22 0 22 0 25
6 29 22 22 0 0 7 0 10 19 27 0 6 25 6 10 16 24 22 25
6 14 2 0 13 19 5 29 5 17 27 27 29 14 22 14 13 19 7 21
16 25 19 25 6 22 22 28 24 16 18 24 22 6 16 7 6 6 24 22
22 9 24 22 22 6 18 0 22 0 22 22 7 0 0 24 24 18 22 27
0 25 28 6 19 18 7 18 0 0 18 0 16 18 14 28 24 29 22 6
25 22 6 14 25 22 22 18 29 6 22 22 22 0 29 5 5 6 22 18
22 21 2 4 22 6 22 1 1 14 20 13 5 6 5 7 8 3 9 7
9 13 1 12 29 23 29 27 15 12 27 13 5 7 16 5 17 28 1 28
22 22 0 25 0 0 25 22 19 25 25 6 6 9 0 6 16 28 7 0
0 28 29 27 5 13 6 22 1 22 27 29 13 1 13 18 18 29 29 21
0 9 0 22 27 18 19 19 23 6 1 23 7 14 18 23 18 1 28 29
0 0 29 29 0 21 22 29 28 19 21 16 6 22 19 6 7 14 22 28
18 28 5 0 21 27 27 28 1 5 5 28 5 0 6 19 0 0 5 0
22 29 29 25 18 0 6 22 6 18 0 22 6 29 26 6 5 0 9 22
0 0 19 0 0 0 0 0 6 22 6 0 22 17 19 0 0 18 25 0
0 27 27 17 27 27 29 29 3 27 14 3 17 27 17 17 14 13 5 1
0 0 0 22 0 28 6 25 0 17 25 0 25 19 22 25 22 22 7 25
16 6 0 14 14 29 22 18 22 6 20 6 18 6 6 28 6 0 2 26
22 1 22 1 12 6 16 17 22 13 20 5 6 5 22 25 7 12 6 2
22 15 0 5 6 22 0 6 18 22 24 29 0 22 17 29 6 21 13 0
7 0 25 0 16 17 18 16 0 22 18 22 25 0 17 6 6 6 25 19
22 29 5 18 6 22 22 2 22 6 22 26 29 6 6 6 6 12 26 24
22 6 0 28 28 3 0 0 3 11 0 22 21 3 27 18 15 14 3 0
7 17 1 24 27 0 23 22 19 1 22 29 6 22 27 19 0 19 25 0
25 25 6 0 17 24 0 16 22 13 5 25 25 25 5 0 0 12 3 18
0 21 27 5 21 29 22 29 21 27 24 27 13 24 27 21 23 2 17 15
19 21 16 13 0 8 22 0 0 0 25 12 0 6 3 6 0 0 19 0
0 6 25 18 0 19 0 0 0 0 0 22 16 28 18 0 25 22 22 25
6 14 15 29 22 27 7 17 14 24 25 14 14 28 26 22 21 1 28 17
6 6 28 8 28 7 19 0 0 22 18 9 18 16 25 6 28 22 25 0
0 22 1 28 22 22 12 18 2 18 14 6 0 25 22 16 22 22 28 6
24 28 21 18 25 14 16 27 17 22 0 28 1 0 29 18 1 5 17 28
6 28 0 6 22 0 22 6 6 0 6 6 6 0 16 18 22 0 0 0
0 17 16 6 6 28 14 0 13 0 25 18 25 0 6 6 0 0 6 22
25 25 0 0 19 6 16 6 0 25 18 0 6 25 6 19 0 0 7 6
0 29 22 15 19 15 29 29 29 0 27 5 1 27 26 15 9 22 29 15
0 29 22 6 20 1 17 15 1 6 2 22 8 26 22 1 6 24 6 22
25 13 0 13 6 0 0 27 19 18 0 19 15 22 0 23 9 25 18 22
28 6 6 6 27 0 25 0 0 29 6 0 16 6 22 28 0 0 22 0
0 6 28 29 21 16 29 18 1 29 10 1 27 1 29 7 12 29 29 2
28 22 18 6 0 19 22 25 0 29 22 7 28 28 0 8 20 22 0 16
0 22 18 22 0 0 25 25 22 25 18 0 6 0 0 3 25 0 19 18
7 22 25 28 25 0 26 22 22 0 14 29 16 19 1 2 18 6 24 22
18 19 0 19 0 19 18 6 0 25 16 0 22 2 25 22 28 0 0 24
0 22 16 28 21 0 21 28 0 28 21 17 22 25 28 28 0 16 14 18
18 28 0 0 25 6 19 22 22 0 28 16 0 0 0 0 19 18 22 24
25 18 6 6 26 18 27 0 0 17 0 6 6 16 3 27 0 6 7 28
25 6 25 6 28 29 28 6 0 6 3 18 15 25 19 28 18 7 14 0
18 0 27 22 18 22 0 29 6 25 29 6 25 27 9 16 7 0 22 11
0 9 19 25 3 28 0 22 6 0 19 16 28 0 22 22 0 25 7 0
22 0 0 0 19 1 17 0 16 0 0 0 22 6 25 0 16 25 18 24
28 6 18 22 22 22 18 16 18 16 27 25 5 28 25 22 22 12 6 0
6 22 0 5 27 22 29 27 6 5 5 18 6 29 22 0 29 22 6 16
22 22 6 28 22 18 0 0 0 28 6 0 0 22 0 4 18 0 6 0
6 29 6 6 18 6 22 6 22 16 19 18 2 22 6 29 6 7 22 0
0 0 0 0 18 6 6 25 6 9 0 16 24 29 22 18 18 0 27 28
0 8 0 29 6 8 28 24 21 12 14 17 26 6 25 17 3 27 1 16
18 18 6 0 0 22 7 0 22 25 16 29 22 19 19 18 6 18 0 19
25 29 27 13 0 27 14 29 4 25 27 26 17 22 13 27 1 14 29 0
6 28 12 27 1 29 29 14 13 15 5 21 5 24 14 27 14 5 2 1
7 19 22 6 29 18 7 18 6 18 27 14 0 19 6 6 27 22 0 25
0 3 2 16 4 28 25 27 0 25 0 21 14 14 0 13 18 22 3 14
29 0 18 18 0 22 29 21 22 0 27 22 0 0 0 16 0 0 0 18
26 16 22 22 0 6 25 0 6 25 0 6 25 25 13 6 28 19 19 0
0 0 22 6 24 18 0 0 19 28 6 25 0 0 28 25 6 6 0 0
7 25 29 22 28 0 1 13 0 22 5 27 18 19 13 25 3 27 19 27
7 29 27 3 5 12 22 25 0 18 24 24 0 28 22 1 0 18 22 0
16 0 0 0 18 24 18 25 8 0 6 6 18 0 24 0 25 0 0 19
0 6 18 18 0 6 16 19 0 0 0 25 6 18 16 19 18 6 29 19
22 26 26 22 22 22 22 6 29 18 6 6 22 14 6 6 22 22 22 29
24 0 25 7 22 5 9 0 6 0 27 25 25 6 0 11 22 6 28 18
6 5 24 28 1 25 14 13 25 24 6 22 3 27 27 22 6 16 21 21
25 0 22 0 6 6 0 12 0 0 7 5 28 1 17 6 0 8 0 22
18 12 1 13 15 22 19 16 13 19 27 20 27 0 29 19 6 2 7 27
0 16 0 0 25 27 22 6 25 19 28 21 0 0 5 14 0 25 0 0
16 13 17 22 17 14 14 28 21 7 27 0 28 0 27 27 14 29 10 17
0 16 6 0 0 6 0 22 28 6 0 0 0 0 6 19 0 6 19 25
0 27 29 13 21 13 12 13 18 5 13 28 15 13 21 27 27 27 27 27
0 5 24 24 28 9 24 24 22 16 18 25 25 0 22 5 6 19 0 16
0 6 22 0 18 22 1 7 0 25 0 6 22 6 19 7 25 29 0 22
22 6 6 6 2 24 18 22 22 6 29 22 26 1 6 18 6 6 22 22
0 0 0 6 25 0 25 7 22 0 22 0 0 9 28 29 8 0 25 22
24 6 27 22 14 12 27 6 18 28 1 1 27 22 18 22 2 15 18 2
6 21 27 29 7 3 13 27 14 21 2 28 6 22 7 2 22 27 27 14
0 27 14 28 25 27 18 25 11 0 18 0 16 6 2 19 0 6 29 22
6 29 27 13 25 0 29 22 13 1 27 15 16 29 13 24 29 29 13 21
0 9 16 0 25 22 7 19 18 0 25 0 25 22 25 8 22 18 16 22
6 0 18 19 9 0 22 0 16 16 18 19 0 0 0 22 0 6 6 0
16 0 0 24 29 18 18 1 7 25 19 25 13 25 25 18 6 16 29 0
25 14 28 29 29 4 6 0 22 17 1 2 18 0 20 0 22 3 0 28
28 0 0 0 0 22 18 16 0 6 18 22 18 0 0 0 22 6 28 22
25 17 8 0 0 29 1 18 22 0 1 21 1 1 28 23 6 22 10 27
0 0 22 22 6 22 6 22 28 0 25 8 18 16 0 0 0 18 22 25
6 19 6 19 0 0 25 16 6 25 0 28 24 0 18 22 14 0 24 24
25 19 6 25 6 29 23 28 18 0 0 22 6 0 0 8 25 6 29 29
25 13 27 13 5 29 5 27 13 14 15 29 13 5 5 29 27 27 24 17
0 22 17 18 0 21 26 13 27 6 14 24 26 20 0 25 19 0 0 18
0 16 9 18 0 6 25 22 6 28 0 18 25 7 14 18 0 16 16 0
22 18 6 0 0 0 13 25 22 16 13 22 2 0 3 0 6 29 5 6
0 0 21 7 6 17 27 29 28 0 25 22 28 0 18 27 0 0 0 22
0 25 6 25 6 18 0 0 0 25 28 7 18 0 22 0 28 9 7 7
9 16 16 0 25 0 0 18 22 0 0 6 0 2 0 6 7 16 19 22
16 17 29 0 23 27 29 0 18 17 16 22 1 29 22 14 0 1 6 18
25 28 21 27 22 22 28 17 14 14 17 1 18 27 0 3 17 17 17 18
25 22 22 6 6 18 25 19 6 25 22 6 0 19 6 0 19 0 18 19
28 22 16 1 5 6 24 5 21 28 0 19 27 9 26 6 21 9 28 18
0 22 18 2 16 21 5 7 0 22 0 8 19 18 3 0 24 1 0 28
6 6 2 29 0 29 6 26 27 29 17 18 21 29 0 0 29 26 1 6
6 21 27 15 14 15 27 24 21 17 28 5 29 28 28 13 17 25 0 28
18 6 0 18 28 16 18 22 13 28 0 22 6 22 0 16 6 0 6 22
28 0 14 0 6 18 6 6 0 6 22 6 0 5 18 1 5 29 25 18
6 29 21 21 29 27 12 23 5 15 25 21 8 12 27 27 27 27 6 29
6 2 20 0 6 15 29 22 22 0 29 3 29 19 20 6 25 22 19 25
22 21 6 27 2 6 17 18 24 0 19 0 7 0 16 19 2 13 24 7
7 28 13 27 29 19 25 7 4 22 28 6 14 19 16 29 19 0 18 4
0 25 18 0 0 25 0 6 17 0 6 18 16 0 6 6 0 6 22 0
16 0 0 0 6 18 9 0 0 28 7 25 16 6 16 0 6 0 9 25
0 22 29 6 0 18 22 18 18 7 0 16 25 18 19 0 0 18 29 6
25 16 0 19 6 15 27 6 22 16 25 27 6 15 0 0 25 6 22 6
0 21 29 15 22 22 2 6 6 29 29 22 24 24 18 22 6 27 29 27
0 29 2 14 22 19 23 6 18 28 27 6 27 27 14 18 22 22 26 8
22 1 29 5 27 24 5 5 0 9 15 13 21 15 29 23 5 5 24 1
18 14 25 18 6 0 19 0 28 25 22 0 18 24 22 16 25 0 6 19
0 3 23 14 15 7 29 23 22 21 29 23 14 6 15 23 15 2 23 21
6 15 25 6 21 25 19 0 21 6 3 28 25 13 28 19 17 22 16 7
18 18 6 18 0 6 0 22 0 25 9 18 6 25 0 0 0 9 0 18
0 22 0 1 25 19 0 7 29 19 17 0 6 25 25 25 25 0 25 0
0 26 18 6 0 0 13 7 0 21 27 13 6 6 25 6 29 22 22 26
16 19 28 26 0 27 27 16 27 22 27 22 28 6 17 19 25 0 14 21
22 28 22 6 0 0 7 22 0 25 6 16 18 25 28 0 7 19 6 19
0 27 0 14 17 14 25 22 28 6 14 0 6 25 18 9 6 1 6 16
28 0 6 0 25 6 6 18 22 16 25 0 27 18 25 29 25 0 6 6
0 14 4 10 7 19 27 1 21 9 27 20 9 29 10 17 12 28 14 0
28 29 19 0 16 6 0 18 22 25 24 25 6 0 6 22 25 28 19 25
25 19 0 25 18 0 14 0 17 18 25 25 0 3 18 28 22 0 3 6
25 6 0 6 22 18 0 0 6 0 24 6 0 24 18 16 0 22 0 25
16 29 25 17 19 0 0 0 16 6 0 0 25 0 29 18 16 28 6 16
16 27 1 25 22 6 7 0 28 27 25 0 6 0 21 0 0 0 16 3
22 29 0 25 5 25 19 7 22 15 13 18 8 0 0 27 0 29 19 22
6 19 0 6 28 19 28 25 25 29 29 0 0 7 6 16 0 6 0 6
18 2 26 29 19 6 6 22 20 6 5 6 22 6 22 22 6 5 2 24
16 1 29 25 5 25 13 13 27 29 5 29 5 0 29 0 14 27 0 29
0 17 19 29 22 19 0 22 0 7 2 22 2 0 0 28 7 19 0 28
0 21 16 0 21 6 0 19 28 25 6 0 16 29 24 0 0 0 22 0
25 18 6 0 6 6 25 0 25 28 18 19 24 25 6 16 6 22 0 0
25 0 0 25 21 24 19 25 19 29 0 16 29 25 17 19 28 22 6 16
25 6 22 29 19 17 18 14 17 17 14 8 22 14 21 27 28 6 17 25
19 29 15 14 2 28 12 1 29 2 3 13 28 13 29 27 27 29 19 22
9 16 28 22 6 6 25 18 22 25 7 0 28 0 0 6 27 1 29 7
0 0 28 7 22 27 0 6 22 5 8 27 16 5 0 18 0 0 27 0
17 19 28 19 0 25 16 22 0 6 0 7 0 0 18 22 25 16 16 19
6 16 13 18 19 7 25 0 16 7 16 19 18 16 28 0 13 6 19 6
16 24 6 25 18 22 14 16 27 0 25 5 18 0 25 7 3 17 22 25
0 19 29 27 22 22 0 26 29 6 6 22 22 18 8 29 20 27 29 27
25 6 6 0 0 28 6 6 7 0 19 0 6 28 28 19 0 6 0 6
18 1 27 15 21 0 24 29 1 21 18 29 29 27 16 0 27 29 29 18
3 25 28 22 0 24 24 18 0 28 0 22 6 28 6 0 27 19 0 6
25 0 22 6 27 22 0 0 22 18 6 18 19 26 0 22 6 16 16 0
6 29 14 0 13 29 29 29 2 1 10 22 21 24 20 22 27 14 21 29
6 6 0 6 0 6 17 18 24 7 7 25 16 25 18 0 18 10 21 16
22 3 16 0 28 0 23 21 6 19 2 16 24 6 5 6 0 0 1 28
6 0 0 7 16 6 22 16 25 0 14 0 19 20 0 16 0 0 0 0
25 0 6 29 18 6 19 27 26 27 5 0 6 0 6 13 28 18 25 0
0 19 24 16 0 25 0 16 25 0 19 6 16 22 25 16 6 0 17 6
22 17 27 22 28 18 15 17 1 28 24 17 25 0 27 3 27 27 17 6
24 16 16 18 9 7 25 6 25 6 6 25 7 0 22 16 25 24 29 22
3 6 6 18 16 26 6 13 7 20 6 22 2 19 6 24 28 12 6 20
24 0 0 22 18 25 18 18 19 28 25 7 25 22 6 22 0 18 22 25
7 27 12 12 12 19 29 8 12 19 12 0 13 27 2 8 15 13 29 5
0 0 22 0 17 0 22 0 25 22 18 22 0 25 0 24 6 22 1 29
19 21 12 13 29 6 27 6 5 16 0 0 0 8 27 5 21 18 7 12
24 7 0 2 3 12 23 6 16 15 0 8 16 6 22 6 0 0 0 25
16 19 27 15 8 28 5 6 21 27 7 18 14 3 5 9 19 25 25 0
28 24 25 25 0 0 0 0 25 19 18 7 18 16 0 18 9 25 18 0
0 22 1 10 27 5 1 24 29 1 21 5 1 14 1 0 29 29 29 23
25 13 27 25 3 28 21 15 3 0 3 15 27 17 27 17 3 27 19 21
19 6 0 28 0 0 0 6 0 18 19 0 9 25 19 25 22 6 16 16
25 3 29 0 12 0 0 0 18 25 7 22 19 0 6 0 0 6 25 29
8 6 0 22 2 5 18 18 26 5 21 0 0 7 6 14 22 6 6 0
19 28 29 6 25 6 19 6 25 19 3 6 14 25 6 5 8 16 28 0
0 18 22 6 6 0 29 6 25 18 3 7 16 0 19 25 18 0 0 19
24 18 25 6 16 0 0 22 25 25 6 25 28 6 6 28 6 25 29 18
0 16 0 0 16 25 0 0 6 18 28 6 18 28 18 19 0 0 25 0
0 18 29 0 6 19 21 22 16 6 7 0 22 25 0 8 22 16 18 29
16 19 25 24 0 25 25 1 5 5 7 17 7 27 24 29 29 18 9 28
16 6 22 27 6 22 0 7 14 0 24 6 25 24 25 18 6 4 25 29
0 6 22 25 0 7 6 21 6 18 27 27 24 21 22 17 9 9 27 18
6 15 0 14 6 5 19 22 5 28 16 23 5 9 9 0 22 2 0 27
19 0 18 18 3 0 22 27 25 0 25 14 1 25 1 28 28 15 17 4
0 18 22 1 29 6 29 23 27 29 29 5 22 22 6 6 5 29 6 29
25 24 17 0 7 22 0 0 19 9 19 7 6 18 0 9 16 0 0 22
29 24 7 0 0 28 6 25 19 16 6 6 0 18 0 28 6 0 25 18
0 27 0 5 13 0 18 21 22 24 27 27 28 28 7 23 0 6 28 29
25 17 4 13 16 14 27 2 27 9 29 15 6 26 28 7 6 14 19 16
0 6 27 17 29 0 19 7 13 0 22 0 0 18 18 18 16 0 0 22
0 6 0 0 25 6 1 0 16 25 0 7 22 22 25 27 22 0 6 25
25 2 5 22 2 6 22 26 29 5 22 6 6 12 22 6 5 26 0 22
0 28 19 18 17 6 22 19 29 14 29 6 0 25 27 0 28 0 0 28
0 25 6 0 25 14 28 25 19 19 22 22 21 27 2 22 27 26 26 25
0 17 18 2 5 23 14 16 7 6 2 17 22 18 28 0 18 1 22 1
22 15 22 19 0 25 6 18 6 22 2 6 19 2 22 16 6 21 18 28
25 27 21 23 7 1 29 4 25 3 0 20 27 10 29 17 21 23 28 29
7 0 16 6 28 0 0 25 28 0 17 18 28 22 0 13 0 16 24 7
6 18 18 0 16 22 0 6 0 6 0 0 25 25 22 6 6 19 0 28
0 18 0 0 0 0 19 0 18 0 28 6 16 0 0 25 16 25 0 16
0 14 8 25 22 6 6 17 18 7 22 0 6 14 6 25 17 0 21 27
6 6 6 16 22 6 0 25 7 16 25 18 5 6 0 19 25 6 22 18
0 25 29 27 24 21 5 29 8 0 0 5 27 5 5 27 24 29 24 27
0 0 6 18 6 6 22 16 29 25 22 0 23 8 9 24 19 9 13 0
29 17 28 0 22 3 28 14 0 9 18 28 6 27 19 21 27 17 0 17
0 7 17 17 27 21 17 28 14 27 26 3 17 13 22 21 21 27 27 28
0 22 0 9 6 16 18 14 28 6 25 25 8 0 28 0 7 18 19 3
7 25 17 22 27 0 27 21 29 28 0 27 27 0 6 26 27 19 27 27
16 19 0 18 8 20 3 6 6 2 18 24 5 22 1 28 19 0 14 9
6 0 0 0 22 25 17 0 22 7 0 6 7 0 16 22 16 25 28 0
0 3 0 17 6 7 12 25 25 16 14 7 25 1 21 4 29 25 18 21
9 25 22 29 29 0 6 1 7 9 22 5 25 6 6 22 27 29 25 16
6 16 19 6 7 18 7 7 7 2 24 0 0 6 22 0 23 18 6 16
6 27 1 21 8 7 8 29 14 21 19 21 13 22 7 27 24 19 15 21
22 18 28 29 22 0 2 6 25 1 6 0 2 25 7 27 22 17 14 0
25 6 25 24 6 0 0 6 0 14 22 16 6 22 7 0 18 19 6 2
6 28 25 22 28 6 25 7 0 22 0 24 22 25 6 0 6 0 25 16
18 28 6 22 18 14 18 23 27 28 14 19 21 14 28 17 28 14 23 14
6 18 7 6 6 21 1 3 6 22 0 0 14 14 1 6 1 16 6 24
22 26 0 9 22 22 6 26 29 26 28 6 25 18 24 18 25 22 19 18
7 29 27 5 5 23 8 0 27 0 5 23 22 29 29 22 24 13 1 16
28 22 6 29 6 19 6 24 16 22 0 2 20 18 6 12 5 26 29 6
16 28 2 7 14 2 1 24 2 28 14 2 27 24 28 27 23 7 21 21
6 0 0 0 6 0 16 24 28 0 0 0 17 27 9 16 28 22 0 28
22 24 0 15 25 29 6 5 0 0 28 24 24 15 29 5 21 25 6 5
6 13 27 23 22 1 18 18 27 6 22 18 15 23 14 6 15 27 3 14
22 0 22 22 18 7 28 18 25 0 27 0 18 0 25 28 16 0 6 22
0 22 29 13 13 21 29 29 27 24 25 0 29 29 6 23 6 29 27 19
14 25 17 27 17 7 27 0 25 25 5 6 1 17 1 17 11 0 0 21
18 0 27 23 13 5 5 20 29 27 29 22 27 27 5 29 29 0 25 21
0 6 18 7 19 19 29 25 0 16 29 7 16 0 6 18 22 6 7 25
22 25 0 14 19 22 1 14 1 29 28 1 1 22 6 2 23 0 26 20
25 19 6 22 25 6 27 0 22 29 21 6 0 0 0 5 6 14 22 18
16 29 21 27 28 2 19 27 0 7 22 16 28 27 6 22 25 16 0 7
28 17 2 21 0 29 0 29 22 29 2 7 7 21 0 27 27 0 6 17
0 14 1 10 5 29 1 1 24 29 13 29 28 29 29 6 29 1 1 29
25 6 0 0 19 24 0 7 22 6 22 6 6 19 25 0 25 7 6 16
18 25 0 0 0 0 0 6 6 25 22 7 25 6 25 19 7 0 25 18
0 16 6 19 7 0 18 16 0 6 22 6 29 6 22 6 6 6 25 0
6 22 24 17 27 3 19 27 25 25 3 22 27 1 25 27 22 0 21 1
18 0 25 9 7 27 6 6 6 0 24 0 22 19 19 29 0 0 6 3
22 29 0 27 1 16 9 29 6 22 9 15 25 14 25 15 29 1 17 1
25 27 1 27 1 27 28 29 10 22 25 28 24 1 22 27 3 27 22 1
25 3 18 9 23 8 1 17 6 25 21 10 22 25 12 15 0 17 0 1
0 25 22 19 22 0 18 0 0 0 22 6 18 25 0 19 22 22 0 6
25 6 28 19 25 22 22 0 16 7 19 6 6 6 18 22 0 6 18 0
0 26 25 25 6 0 6 0 18 16 0 6 28 6 0 2 25 25 0 28
7 19 0 22 6 22 6 6 0 0 22 6 0 29 25 22 18 18 7 22
6 3 17 3 27 17 21 23 27 27 27 20 3 9 2 2 28 17 21 28
7 18 6 18 24 16 6 9 0 0 19 6 0 25 0 25 0 6 6 25
0 0 22 25 25 6 7 0 17 0 0 0 25 0 0 25 0 6 7 0
0 7 18 17 6 25 6 28 16 7 18 19 3 0 18 22 22 18 25 0
28 0 18 16 16 18 6 13 25 6 6 6 16 6 6 25 29 0 25 6
25 25 17 25 6 0 24 0 28 1 4 29 0 24 27 11 1 22 18 0
0 28 27 27 18 17 21 6 13 13 26 17 0 27 24 3 3 14 26 17
16 15 5 15 10 19 29 27 25 5 27 25 25 1 1 15 27 13 0 6
18 27 1 13 25 6 29 29 27 13 29 25 0 27 27 29 13 29 29 29
0 25 0 16 19 0 5 0 24 6 0 22 25 6 6 27 13 0 19 16
9 2 12 2 24 12 29 22 22 5 5 29 2 26 6 6 6 12 1 6
22 14 21 6 6 17 17 0 18 22 0 25 6 21 19 19 0 29 0 28
26 0 22 7 0 18 19 6 6 7 19 16 0 25 24 6 18 19 0 6
6 17 0 8 8 16 14 23 23 14 6 8 22 23 18 6 16 6 8 27
0 29 5 11 9 25 22 22 6 0 0 25 19 0 6 0 16 16 13 22
19 22 0 29 27 25 29 8 22 21 22 25 27 0 28 13 12 16 6 25
7 17 12 17 21 27 21 28 27 17 22 14 17 17 21 28 6 17 27 14
0 27 0 29 6 0 1 27 6 3 0 3 19 0 0 7 16 9 6 24
0 17 29 28 5 22 27 28 6 0 27 7 27 22 29 29 22 2 17 17
6 0 29 0 0 16 29 26 25 7 6 19 16 6 25 0 6 16 7 18
19 0 25 25 25 16 0 28 16 0 25 6 0 6 29 18 24 2 0 0
22 27 17 22 17 21 25 27 1 5 1 2 28 28 17 14 27 6 5 28
0 29 25 6 0 6 27 21 22 6 16 27 29 0 22 2 9 22 16 29
0 19 21 0 9 6 0 28 14 25 0 5 7 6 19 22 16 19 0 8
5 6 6 28 17 29 5 3 6 1 29 2 16 17 3 28 1 22 18 24
29 6 18 16 18 5 0 16 25 0 24 22 22 22 6 19 6 0 2 25
6 22 27 0 14 6 25 18 28 16 0 0 19 0 9 0 5 6 0 6
0 6 0 0 7 22 22 0 22 25 0 18 22 6 19 22 28 25 25 6
28 0 25 6 18 0 0 18 16 25 6 6 18 6 6 0 0 6 24 0
0 17 3 13 12 25 24 8 0 27 2 0 18 2 0 24 7 27 0 26
6 16 25 0 9 3 16 0 0 0 16 25 0 25 9 0 0 0 7 0
25 21 28 20 4 22 0 0 5 22 12 10 22 22 22 29 22 3 3 26
28 6 13 13 22 8 27 29 13 29 29 24 3 18 0 0 19 6 28 29
0 15 3 17 28 0 21 6 22 17 27 29 2 15 6 13 12 29 6 29
25 0 9 7 28 17 8 6 0 16 6 0 25 6 25 0 0 19 29 22
7 0 0 28 0 18 6 25 6 0 7 0 0 16 0 27 7 28 6 25
18 28 5 8 6 7 27 18 12 27 24 12 27 29 19 8 13 5 8 29
24 18 6 0 22 6 9 24 0 0 22 16 24 0 6 13 28 17 6 22
25 22 22 17 29 22 18 0 25 18 0 0 6 0 6 29 25 25 6 24
0 0 14 28 19 25 0 25 22 19 6 22 6 19 27 19 19 1 16 0
0 13 15 28 27 6 11 0 2 18 14 23 27 2 19 16 6 18 22 16
22 3 17 1 27 17 28 5 17 29 27 17 22 6 17 18 5 3 1 16
25 0 3 18 25 22 10 22 1 18 1 0 25 24 29 28 3 7 7 25
0 6 14 0 21 28 6 25 21 6 25 25 6 14 0 0 28 16 25 0
18 6 12 22 8 29 19 3 18 0 8 26 6 26 6 27 22 24 1 0
0 22 13 29 25 21 20 1 7 25 27 7 5 6 6 0 5 13 15 18
0 16 6 0 28 13 13 21 27 27 27 9 0 17 27 17 0 22 22 28
28 0 27 18 27 14 0 17 19 25 27 16 0 27 29 0 21 6 25 0
0 21 17 6 27 6 0 6 6 19 1 16 0 6 28 7 0 17 1 6
0 15 21 24 5 0 29 13 1 15 24 9 5 29 27 23 27 16 24 5
0 0 29 0 6 0 19 15 19 0 18 0 22 7 6 22 28 16 6 16
19 25 25 16 16 0 18 7 22 2 22 29 19 0 6 22 18 1 25 18
25 13 23 24 5 6 1 29 27 25 28 13 29 29 12 17 27 29 0 27
18 6 0 22 0 1 17 4 1 17 20 1 22 1 3 20 18 17 24 20
18 16 6 6 16 28 28 24 6 22 22 29 28 6 0 24 0 6 16 0
6 0 24 0 13 25 4 0 6 0 0 22 0 0 0 0 0 0 17 28
22 6 6 22 26 6 26 6 29 29 22 24 29 1 6 18 26 12 29 29
0 22 28 22 25 14 0 0 22 6 18 19 6 7 18 7 22 0 0 7
22 25 0 17 0 16 6 0 6 25 0 0 18 22 22 0 18 28 25 25
0 29 19 20 16 22 23 6 0 29 12 23 25 24 0 25 6 22 0 29
18 25 0 17 19 7 16 18 0 28 7 5 6 24 6 6 18 10 29 16
18 7 16 29 25 0 6 16 6 14 16 16 7 0 6 22 28 18 27 0
18 9 22 18 22 19 25 24 6 6 0 28 16 0 0 0 25 7 6 18
0 6 0 6 18 0 6 0 6 16 6 6 16 25 22 6 0 25 22 28
0 22 6 0 16 0 0 0 0 18 9 6 9 16 7 0 0 19 7 29
16 13 27 29 5 1 13 6 6 29 29 27 22 10 29 27 9 22 2 9
22 25 7 9 22 6 6 12 28 29 6 22 22 0 3 18 6 25 14 17
25 2 1 22 0 22 21 0 29 6 28 22 22 0 0 18 0 0 18 25
6 0 0 6 0 25 22 28 17 12 22 7 7 25 19 6 19 0 0 0
24 28 22 0 26 27 6 6 28 19 25 28 29 6 22 0 6 16 16 0
16 22 6 3 0 22 19 17 24 22 18 25 27 6 0 15 27 25 6 0
6 29 0 28 25 16 16 22 5 29 16 18 0 0 29 25 28 29 6 6
0 13 28 5 23 23 23 27 29 21 1 14 5 16 8 23 27 23 29 27
19 13 29 17 2 25 5 1 0 22 6 1 25 25 25 14 25 0 21 18
25 0 19 22 6 7 0 0 6 22 25 6 25 0 0 0 25 0 18 25
22 0 6 22 16 17 0 22 0 24 14 22 19 18 6 0 29 6 0 8
5 17 22 16 6 0 0 6 0 16 26 22 24 0 19 25 3 12 2 25
28 0 25 28 22 22 19 1 6 13 28 25 6 0 18 29 6 25 0 17
18 28 21 27 21 14 14 5 27 19 23 21 27 17 3 17 14 14 17 27
0 15 27 25 18 19 0 28 29 22 24 2 21 21 16 22 6 1 22 18
16 29 12 13 24 13 29 6 12 12 18 23 29 15 29 6 1 5 24 8
6 6 0 22 28 0 17 6 14 28 14 14 27 0 13 27 27 21 21 17
16 0 28 19 0 28 22 0 22 17 19 0 0 19 16 0 29 0 19 0
19 27 22 22 27 7 6 3 24 6 8 0 0 6 18 0 5 19 22 29
18 27 25 4 27 28 23 22 20 17 14 18 23 20 27 2 28 6 24 22
18 6 27 1 1 20 1 23 6 6 14 1 24 19 1 24 26 22 18 1
6 13 24 5 22 18 29 9 5 27 9 26 29 21 9 5 24 9 29 13
6 22 2 14 21 3 3 17 7 27 6 17 27 17 16 1 28 16 17 21
0 29 0 21 22 24 29 6 27 15 27 22 21 22 29 5 29 1 5 22
0 18 0 0 26 6 0 18 8 18 6 6 0 25 18 0 17 25 22 25
25 27 0 29 0 1 22 27 23 29 7 22 17 22 6 14 22 16 6 29
0 21 29 0 12 29 12 27 28 19 12 20 25 29 0 27 12 0 12 5
6 19 0 27 6 16 19 29 16 6 0 0 6 0 16 18 0 28 0 6
6 25 25 19 1 22 29 25 21 0 17 29 22 28 21 0 16 25 27 6
25 14 25 6 7 19 8 6 0 17 16 25 0 17 27 0 0 18 6 0
16 19 25 19 22 0 0 6 0 0 6 19 6 6 19 29 14 16 0 0
18 18 6 6 0 22 0 22 2 6 11 6 6 22 0 19 5 26 6 26
0 0 19 6 15 0 6 7 16 16 28 20 18 13 22 20 17 0 0 22
22 25 17 6 28 0 25 21 3 15 24 0 25 22 25 13 6 22 17 19
25 0 0 6 6 22 22 19 25 6 0 25 6 22 25 6 18 22 0 18
25 27 14 28 21 7 27 28 29 19 28 23 27 7 14 13 1 13 1 18
22 17 26 2 29 25 0 6 24 29 7 14 12 6 6 29 6 19 17 6
28 27 8 7 23 15 27 4 23 2 11 26 15 15 6 23 19 0 28 21
0 0 6 16 25 18 6 9 7 0 25 7 6 18 6 14 0 25 0 6
7 6 0 0 0 0 25 22 17 28 22 0 0 28 25 0 0 0 0 6
25 0 27 0 27 0 0 28 6 0 6 22 0 22 19 16 7 0 25 22
0 21 5 29 25 24 5 24 5 5 5 22 0 27 5 5 5 22 21 0
16 0 6 19 0 16 6 6 5 19 13 25 0 0 0 24 0 29 6 27
25 29 19 0 7 25 0 5 27 24 22 1 0 25 18 25 0 6 0 0
24 25 19 0 22 22 14 6 27 7 1 14 29 18 0 22 27 7 0 29
25 7 19 7 9 19 1 7 9 22 18 6 29 0 25 22 18 18 6 29
25 14 15 0 22 28 6 2 6 0 0 27 0 6 6 16 0 22 6 6
29 27 6 6 20 22 27 11 11 5 0 16 6 24 22 7 6 19 5 24
25 0 5 0 25 29 6 6 26 19 18 22 6 6 6 26 6 22 7 29
18 27 6 12 16 7 13 27 29 22 22 18 13 27 29 29 22 0 21 29
6 0 28 16 6 0 18 6 6 6 0 7 0 16 18 16 6 16 9 25
0 6 28 16 22 18 18 22 0 25 18 18 6 0 18 16 14 0 25 0
0 2 7 27 2 25 27 27 12 23 14 14 6 21 21 17 21 9 17 22
22 16 22 25 22 22 1 1 7 19 7 24 27 28 0 17 25 25 18 18
14 0 9 7 6 25 25 22 25 6 0 9 0 25 0 6 9 0 28 25
18 0 28 19 19 18 0 8 5 10 22 0 29 21 6 6 17 22 28 6
0 3 23 27 5 27 24 5 4 5 15 29 27 14 27 14 12 2 29 2
0 6 2 17 16 21 22 28 7 22 19 14 6 28 21 27 13 6 28 6
0 16 0 22 18 6 14 25 12 0 22 6 14 29 28 26 28 6 14 19
18 3 28 5 19 15 15 17 5 22 28 0 1 6 19 27 24 16 16 16
6 22 29 6 29 6 22 6 29 22 22 18 22 22 22 5 22 18 22 0
28 29 2 29 6 6 27 1 6 22 5 6 2 5 6 6 5 14 29 22
6 13 29 12 9 19 16 25 7 0 25 0 6 13 18 0 0 0 0 0
28 28 29 25 0 6 26 7 19 27 22 6 29 2 27 7 25 27 9 27
22 19 22 19 29 22 19 22 6 18 25 6 17 0 22 0 0 9 1 28
18 18 6 21 6 29 22 1 28 1 29 28 29 1 27 5 11 10 21 17
0 20 27 6 29 29 22 29 0 19 22 29 5 0 27 27 29 1 23 13
19 29 2 6 6 0 5 6 2 22 0 26 22 6 17 20 26 16 29 6
22 12 25 0 19 6 19 17 18 1 16 0 6 19 28 25 22 19 9 27
25 28 22 16 20 22 0 6 1 24 6 24 5 6 22 25 25 25 16 22
22 28 22 5 0 18 16 0 0 0 22 6 29 7 29 17 6 0 22 25
0 6 28 29 18 0 22 24 16 9 25 6 0 0 0 9 7 25 18 6
0 21 14 3 19 4 25 29 2 6 7 29 6 0 9 25 19 10 16 7
6 22 14 2 0 17 8 24 27 28 19 3 1 1 4 28 17 21 27 28
18 0 7 0 0 22 6 6 0 16 6 0 25 25 7 18 6 17 0 7
9 25 6 0 6 0 0 22 16 22 11 0 0 25 25 25 25 18 6 0
6 27 0 14 29 6 0 6 6 22 22 0 0 0 27 0 28 29 21 6
0 6 22 17 6 18 6 29 19 19 7 6 25 7 19 6 17 28 1 17
17 6 21 0 6 16 22 4 28 0 14 1 13 17 6 28 0 0 28 0
6 0 9 6 6 0 18 25 24 7 18 0 19 18 12 0 6 16 19 25
0 0 19 23 22 0 25 0 27 23 6 16 0 22 3 22 28 0 6 6
25 24 6 19 22 0 28 14 6 22 0 26 25 0 11 29 15 24 11 0
0 6 22 22 22 22 19 13 22 29 22 2 1 22 14 6 22 6 0 6
0 29 22 16 0 19 22 19 18 25 25 27 29 9 6 27 0 22 29 0
18 16 6 28 17 25 0 27 19 0 18 8 22 16 18 0 19 25 12 0
18 0 28 0 0 0 9 0 16 6 6 0 24 25 6 25 6 25 21 22
18 9 0 25 25 0 0 7 17 27 0 18 16 16 0 6 5 18 0 28
6 25 0 19 28 0 25 22 0 0 22 7 18 0 7 0 0 0 18 25
14 25 22 7 22 22 2 28 6 2 18 21 26 22 21 22 24 22 14 6
28 27 27 14 16 6 5 7 5 27 22 29 27 22 29 4 6 9 22 6
18 24 0 0 6 6 6 18 0 25 0 6 16 14 9 0 18 6 0 12
19 0 0 19 19 0 16 25 6 0 18 0 25 25 18 16 6 0 19 19
9 2 17 6 2 2 27 2 14 29 2 6 4 22 17 9 27 14 16 22
0 18 25 25 19 16 28 22 0 0 25 0 0 0 22 23 9 6 17 27
0 0 6 29 25 13 27 0 0 24 27 25 28 0 21 0 25 14 0 0
25 5 27 29 6 15 29 24 22 15 8 5 2 12 13 19 12 23 16 22
0 6 18 0 6 17 16 27 7 18 6 0 27 13 16 0 0 0 22 18
25 27 5 12 0 13 27 25 21 13 0 29 6 13 29 1 25 22 25 27
0 17 25 14 25 14 0 21 0 15 27 28 17 17 0 3 19 21 6 17
25 21 27 25 22 28 19 24 26 0 0 21 25 13 6 27 0 22 5 16
6 18 22 29 0 0 0 29 0 13 6 0 29 15 6 0 21 27 1 1
19 28 16 13 27 17 27 14 18 3 27 27 28 23 3 28 19 27 27 0
0 0 6 6 0 18 6 16 25 25 6 9 24 22 6 0 0 0 0 28
25 22 21 7 1 6 20 8 20 6 17 18 22 21 22 22 24 0 0 8
0 22 17 0 25 6 24 6 22 6 18 6 25 0 27 27 22 3 28 19
0 18 0 28 16 19 0 14 0 29 19 29 25 25 22 6 22 6 0 18
6 6 22 25 6 18 29 6 6 18 14 18 6 16 0 16 2 18 19 26
6 27 13 0 11 18 6 5 5 0 5 29 25 6 13 0 5 1 25 0
25 19 28 6 27 0 0 6 19 0 0 3 7 19 0 0 18 5 9 7
16 16 0 6 6 18 6 28 0 6 19 16 19 6 2 17 7 25 0 22
24 28 28 17 3 21 27 27 0 26 22 27 22 14 28 19 27 17 17 0
6 19 22 0 1 22 2 6 17 25 18 0 25 0 0 0 25 18 0 16
0 29 8 8 19 13 27 12 13 2 0 18 22 5 29 19 25 13 17 1
25 22 6 0 0 16 0 7 16 22 6 22 0 25 17 0 29 0 6 28
22 27 28 0 19 27 14 0 27 6 28 23 25 25 18 24 25 14 14 25
6 25 28 3 7 25 0 6 6 18 25 25 0 0 7 25 25 7 9 9
0 28 18 6 16 29 6 18 0 6 0 19 0 18 16 19 18 6 22 6
7 9 16 0 0 19 16 28 28 27 18 17 0 16 18 25 25 19 16 0
6 0 27 6 28 22 0 25 0 0 18 22 6 22 25 25 22 25 13 19
28 18 25 0 0 25 6 0 22 0 6 22 16 25 0 22 18 0 22 7
25 28 15 12 8 16 27 16 9 27 8 5 0 19 21 7 25 25 21 6
18 22 0 29 25 6 25 22 2 0 6 19 19 0 12 22 24 22 17 18
0 17 28 17 28 6 29 22 27 23 22 0 29 1 3 23 1 29 28 6
12 22 25 22 7 16 14 28 0 22 19 19 7 0 19 18 28 18 22 28
28 28 6 27 9 2 0 18 0 17 8 0 6 25 29 0 0 0 27 22
0 6 22 6 2 13 13 22 18 29 28 25 0 0 25 29 25 22 0 28
6 0 25 16 27 5 25 24 18 25 22 6 6 25 13 0 5 5 0 5
0 22 18 18 18 9 0 16 0 0 19 7 19 22 0 0 25 25 22 25
22 14 17 18 13 27 0 29 27 15 26 14 27 14 22 3 17 17 17 3
22 23 21 3 0 0 13 8 0 25 24 12 29 27 27 29 16 3 13 29
25 27 25 25 25 16 23 0 8 3 23 17 23 14 25 17 0 8 18 12
18 27 13 21 3 10 10 28 1 21 19 0 17 1 21 17 29 29 1 28
29 29 25 18 0 22 15 25 6 1 0 9 6 6 6 0 22 22 29 0
19 25 27 8 0 27 6 16 25 0 0 5 22 6 6 29 29 28 13 7
0 25 6 9 16 0 29 6 7 25 16 0 6 27 6 0 16 18 7 28
0 29 6 28 22 18 0 5 2 25 6 25 0 0 24 25 24 6 18 5
0 0 7 14 18 29 0 0 6 0 6 16 0 0 18 6 27 21 0 16
22 6 18 27 0 6 28 0 0 22 0 18 19 6 0 0 7 16 28 0
24 18 22 25 0 18 23 0 0 6 28 28 21 21 28 28 21 27 0 28
25 0 0 3 0 27 22 25 6 26 14 16 17 2 5 1 18 25 27 7
18 9 19 29 17 17 6 0 0 7 6 24 6 6 24 1 17 13 27 6
22 0 0 25 26 22 22 22 6 18 3 24 22 7 0 6 19 6 0 0
22 25 6 25 0 20 18 24 22 25 25 22 13 0 23 0 29 6 18 0
18 25 25 0 18 22 18 6 16 6 0 25 18 16 16 0 7 28 6 22
19 0 25 18 26 18 25 14 23 4 19 3 17 6 27 23 0 3 0 29
