6 17 19 15 9 6 8 8 18 13 15 13 17 17 10 6 15 0 19 2
9 19 17 6 3 5 18 6 6 19 8 10 3 13 7 14 14 0 18 6
1 18 2 18 8 19 17 13 0 0 15 10 6 16 6 5 13 11 0 17
0 18 13 1 8 6 1 18 9 18 14 2 6 12 2 10 8 5 15 18
15 15 6 19 11 13 3 16 0 12 18 12 13 10 13 11 2 12 8 17
9 9 2 2 15 13 6 15 1 5 9 6 3 10 11 17 0 16 12 0
6 15 17 8 2 15 12 6 8 17 15 10 0 16 17 15 15 5 12 5
19 10 2 17 15 11 18 0 7 9 8 2 3 16 7 13 18 7 13 8
12 15 11 6 12 2 9 0 7 11 8 17 6 17 17 16 19 10 4 16
18 8 3 19 11 19 4 19 15 8 12 11 5 2 19 4 14 1 5 15
12 11 8 19 10 4 12 17 6 0 19 14 13 18 6 2 0 18 0 18
10 1 11 17 19 15 6 19 12 15 17 11 12 15 17 15 14 11 8 17
12 15 2 18 17 14 8 8 2 10 18 19 10 0 14 13 8 0 0 10
13 14 15 16 10 12 15 17 7 0 15 14 11 9 17 0 9 8 17 8
5 5 10 19 8 12 19 0 11 4 11 16 17 2 5 12 10 6 0 9
8 6 17 10 15 12 17 10 11 5 12 12 5 19 19 13 16 9 15 4
15 5 17 8 9 8 14 5 12 9 11 0 18 5 8 3 19 15 8 15
18 17 16 8 9 18 7 14 13 5 11 18 15 0 10 17 11 3 14 0
8 18 19 5 6 15 8 18 16 2 8 17 19 8 16 9 15 8 17 19
10 11 11 11 10 0 0 6 9 11 6 10 8 17 3 4 9 15 12 19
15 19 14 18 15 7 12 19 15 18 8 10 4 12 12 16 9 2 9 13
15 18 12 17 18 14 17 16 8 19 0 5 11 18 8 15 14 19 19 8
19 9 14 10 14 15 19 12 15 9 2 14 5 8 19 8 4 7 19 13
8 9 11 10 12 13 8 17 19 2 18 19 8 0 16 8 16 6 12 15
1 4 9 15 17 13 12 15 9 11 15 8 16 12 5 9 18 12 1 12
6 19 10 19 6 15 18 19 0 11 9 5 19 10 13 3 17 19 6 12
17 19 6 19 17 0 14 12 15 7 6 11 17 10 15 12 19 6 19 15
19 1 6 6 18 1 13 19 16 0 8 11 0 18 8 5 15 2 16 0
5 12 10 6 12 15 15 8 11 11 6 17 19 15 13 18 0 10 6 19
19 5 14 15 10 19 18 17 10 0 18 17 9 10 8 8 13 6 19 10
8 15 17 4 18 19 17 9 7 15 10 6 0 19 0 7 9 6 11 17
17 14 0 0 12 16 6 17 17 0 14 7 4 15 18 9 10 3 16 12
5 10 10 11 11 17 1 12 15 3 16 14 16 5 18 8 15 19 4 9
7 17 17 15 11 10 17 17 18 9 19 9 0 7 8 9 18 6 15 19
5 14 9 1 17 2 10 14 2 0 17 7 9 15 13 1 4 17 15 3
13 3 12 16 3 5 15 12 4 6 6 0 18 12 8 4 1 16 3 17
12 11 6 8 12 7 7 6 9 1 1 12 15 14 17 12 12 10 9 14
17 19 3 3 18 18 18 17 0 17 2 6 8 18 5 15 14 1 10 10
14 15 13 8 15 8 18 0 17 17 6 1 16 18 0 18 5 0 19 18
0 6 0 6 0 1 2 15 18 6 1 17 11 18 8 2 0 3 18 17
15 11 5 14 2 3 19 13 15 11 9 11 7 3 11 12 11 4 2 16
5 18 15 5 6 6 17 3 12 6 19 5 8 9 17 17 17 1 1 15
15 0 8 8 11 2 12 19 12 0 1 8 8 18 16 14 17 14 5 18
15 19 0 2 7 0 10 17 17 10 8 14 1 7 13 11 10 19 18 12
15 17 19 19 6 18 5 10 2 10 18 19 17 8 17 3 19 12 6 13
18 12 10 5 10 9 1 18 13 7 14 15 15 9 15 15 9 14 5 14
7 13 7 13 15 9 2 6 6 19 8 11 19 12 17 5 6 5 14 12
15 9 8 9 18 1 16 8 15 9 11 19 13 18 10 0 15 18 0 9
10 19 0 14 15 18 9 12 8 0 3 16 2 9 5 6 10 13 6 10
17 11 7 10 16 16 1 16 7 3 2 11 0 16 18 15 15 18 15 3
17 10 2 18 15 10 9 2 19 0 11 0 17 6 11 7 10 9 18 1
17 19 18 12 3 19 15 17 10 9 3 8 13 6 6 18 4 15 8 16
10 6 2 8 15 12 10 12 19 7 0 6 15 16 5 5 16 5 17 8
15 9 19 16 5 0 16 17 3 11 19 10 18 10 16 12 19 16 1 2
16 0 5 15 10 0 13 2 6 7 6 17 0 5 17 12 11 7 12 7
8 17 10 14 15 18 6 7 5 5 4 3 19 15 5 14 15 10 0 4
4 3 6 17 15 19 11 16 17 0 18 13 17 8 5 6 17 16 8 6
10 5 11 5 6 4 2 15 17 15 6 0 9 17 7 19 5 3 4 18
18 8 6 19 11 8 12 18 15 12 9 1 17 5 11 19 7 14 15 17
18 18 9 19 10 18 14 1 18 19 0 7 17 4 0 9 0 3 15 0
16 19 17 13 13 19 5 9 17 10 2 15 10 18 10 8 8 6 10 6
17 9 16 14 10 6 0 6 13 17 4 16 9 2 8 5 14 19 3 19
17 7 2 18 1 13 9 16 15 16 17 11 15 6 12 7 6 12 16 17
14 5 6 18 12 5 17 6 2 18 17 19 14 6 10 0 9 0 9 15
16 13 17 15 0 17 18 0 17 0 15 14 15 17 9 17 18 18 19 1
6 17 13 10 15 10 5 18 15 19 5 19 12 1 16 8 5 9 7 19
8 12 18 14 17 12 9 12 4 6 18 7 18 9 0 2 12 6 16 6
7 16 13 18 19 17 16 14 15 17 9 2 2 7 4 3 10 15 11 14
13 8 18 9 1 10 7 13 19 12 14 5 17 2 17 19 0 18 1 9
19 17 8 9 2 12 15 1 1 17 15 5 11 13 0 0 19 18 15 5
1 5 5 2 18 15 1 2 15 15 1 14 18 9 19 17 10 5 18 16
12 15 8 6 14 13 17 14 9 11 12 16 17 17 3 5 4 14 0 10
16 3 8 7 13 5 9 1 2 19 11 15 5 17 19 15 9 18 15 18
15 0 15 9 19 0 6 19 16 10 6 14 18 7 14 16 9 16 5 1
0 1 17 19 0 5 3 7 19 6 17 18 11 19 12 11 1 6 7 8
16 8 19 15 15 5 18 17 2 10 12 17 1 18 11 1 18 19 0 8
1 15 13 1 9 2 15 15 18 6 15 15 4 18 0 12 15 8 16 9
1 16 3 0 10 15 2 17 0 15 4 19 1 12 0 6 15 10 12 15
13 9 15 5 16 3 7 14 11 16 17 14 3 17 18 16 3 3 8 16
12 0 16 0 0 9 4 1 18 17 13 5 15 15 3 17 12 5 6 14
11 11 17 13 19 16 17 4 18 5 13 17 14 13 13 17 16 2 13 13
18 17 14 15 15 8 11 17 10 6 19 15 10 9 6 19 18 19 8 19
17 6 1 17 2 15 18 18 15 15 18 8 3 11 14 9 17 2 15 12
19 12 10 10 14 14 2 14 18 17 18 9 15 15 10 10 17 11 15 17
5 9 9 1 8 11 5 15 8 19 13 16 17 7 18 18 0 15 13 16
16 12 10 16 13 1 7 9 18 14 10 9 12 4 3 11 12 13 0 9
3 15 12 5 0 7 8 0 10 7 17 9 6 2 2 14 15 7 17 15
1 2 12 6 17 9 19 18 16 11 0 10 14 17 15 7 17 8 17 19
0 0 10 8 17 19 15 0 14 8 14 15 17 0 12 5 12 2 5 9
10 1 11 9 11 12 0 1 14 12 15 12 1 11 10 0 16 18 8 18
13 15 15 10 5 15 9 10 6 18 17 13 15 10 9 5 5 1 19 18
8 13 13 14 15 17 6 0 6 14 15 16 17 16 19 5 9 12 15 0
0 17 18 16 5 17 2 17 12 14 6 12 4 5 9 19 18 12 8 0
16 11 11 10 19 14 18 4 17 0 7 17 10 0 17 9 4 1 2 11
18 12 18 8 4 13 14 19 12 15 19 12 19 4 15 11 19 17 16 5
19 9 3 6 3 0 7 1 11 3 3 4 9 11 4 18 6 3 12 12
18 19 0 6 3 5 9 8 14 13 18 15 2 18 7 18 18 11 13 0
15 5 13 6 17 14 19 5 0 9 11 19 15 13 1 2 18 10 16 3
15 12 2 15 4 12 2 8 17 7 7 8 1 4 14 16 19 2 0 1
15 18 15 12 6 4 8 18 3 7 17 1 0 3 15 0 10 10 18 8
