9 2 2 8 10 18 10 9 0 13 2 18 8 17 12 13 8 13 13 13
13 14 0 14 14 14 9 9 0 5 5 19 0 11 5 0 9 8 5 5
18 13 9 18 14 12 13 10 17 8 9 18 9 2 18 18 10 0 6 9
9 16 16 18 18 7 6 16 14 14 16 16 10 17 18 9 2 6 4 7
2 3 6 7 18 8 18 10 2 0 2 7 13 7 13 7 7 7 2 13
13 9 9 9 8 8 14 7 3 19 14 16 18 4 13 16 0 16 14 7
13 16 14 9 9 9 5 0 0 14 5 1 5 9 0 15 0 9 0 0
9 9 13 7 18 0 13 13 9 2 10 13 9 13 18 8 13 0 18 14
8 18 6 18 16 18 17 7 18 18 9 17 18 7 2 18 17 0 7 0
9 2 6 18 0 10 18 6 18 9 2 8 2 10 6 13 8 8 2 13
18 3 9 13 14 10 14 14 5 13 4 14 9 18 2 12 2 4 9 11
13 7 18 2 8 0 18 2 10 13 2 18 18 9 9 13 8 12 12 10
13 8 0 2 0 10 2 2 8 13 10 0 13 13 10 18 9 13 6 13
8 2 9 9 12 13 13 2 5 13 13 10 8 7 6 9 2 7 16 8
8 13 9 9 4 18 10 10 2 12 6 2 18 18 4 8 13 0 17 12
18 2 8 5 8 13 9 13 0 8 13 13 2 10 13 8 18 13 13 0
13 13 9 9 12 12 18 18 9 7 8 18 13 10 12 18 9 16 13 18
18 2 18 8 18 17 7 9 16 18 3 18 0 13 7 18 15 7 4 18
12 2 9 8 2 9 7 18 13 7 8 7 7 7 7 10 9 16 16 7
12 19 13 7 16 9 12 0 7 4 2 2 2 7 7 7 11 7 8 16
13 18 8 12 9 13 13 2 9 14 19 13 13 18 0 3 17 18 13 2
18 9 0 14 0 8 12 6 9 18 9 0 8 2 18 13 9 0 13 12
0 5 16 13 0 11 9 0 15 11 7 11 15 2 15 13 11 17 18 12
2 18 18 9 18 2 16 16 8 14 6 11 2 2 9 13 5 17 10 7
8 17 6 13 2 0 8 13 14 18 8 8 0 6 13 13 9 9 12 9
14 9 18 0 16 13 12 10 17 13 13 9 12 8 0 18 8 8 18 18
13 18 18 18 2 8 9 18 13 9 2 13 12 9 0 0 4 13 18 2
10 9 13 8 12 0 8 13 17 7 13 13 10 6 10 9 2 12 17 18
2 13 0 8 6 6 7 7 7 7 13 18 16 5 2 17 18 18 7 7
2 14 18 0 14 5 5 0 8 14 16 13 13 18 18 5 2 13 2 0
13 9 16 17 10 12 19 9 5 9 0 5 9 18 12 14 18 9 13 2
13 8 18 18 18 7 18 8 9 7 8 2 0 8 13 0 8 12 13 18
0 16 5 13 7 14 7 8 18 7 7 12 13 16 9 9 13 16 2 5
2 16 7 7 11 7 13 0 16 9 17 18 16 1 3 7 13 7 0 16
8 18 6 16 16 7 13 10 13 18 3 2 0 6 7 13 18 16 7 6
0 6 19 13 8 6 2 10 9 10 9 0 0 9 6 1 2 0 13 13
13 9 13 18 8 2 8 18 0 10 9 0 0 13 18 9 2 18 2 13
13 12 12 8 12 15 2 13 16 0 2 6 6 16 18 9 2 9 6 0
9 9 9 18 0 10 0 8 16 18 9 13 13 13 16 10 0 10 2 13
13 13 13 2 5 18 9 0 2 9 18 6 9 12 0 9 16 8 13 9
10 8 8 16 2 14 0 9 13 11 8 10 7 0 13 16 7 7 8 7
2 16 16 13 9 16 18 9 13 18 8 7 7 7 18 18 13 16 10 0
8 13 9 8 0 18 2 18 18 3 13 13 18 0 16 10 9 14 8 18
13 16 14 0 0 0 18 14 1 9 1 9 0 19 8 8 9 19 2 11
0 13 18 17 18 2 7 17 17 6 16 12 17 2 7 17 18 7 13 7
18 9 13 11 16 11 0 14 14 16 0 9 14 5 18 14 14 9 16 14
8 0 12 6 9 14 0 18 0 18 9 0 8 7 15 0 0 16 0 8
18 13 13 13 10 10 12 2 9 6 18 13 17 12 8 8 13 16 16 13
0 9 14 9 15 14 7 11 0 16 11 9 0 1 2 10 11 15 9 11
2 7 16 13 5 7 5 16 11 14 11 18 7 0 11 2 7 16 11 14
13 2 2 13 8 18 13 9 13 10 0 6 18 18 13 9 2 10 13 6
0 4 0 9 13 16 13 2 13 9 18 13 18 6 18 8 9 13 8 13
10 2 12 13 12 2 0 9 13 18 2 8 12 13 9 18 18 18 9 13
13 16 6 9 0 12 16 8 10 2 9 18 10 8 18 9 2 3 18 6
6 9 0 11 0 11 18 0 11 8 12 18 11 0 2 12 5 11 11 9
13 2 16 9 16 16 16 8 11 13 7 12 13 18 8 19 8 7 9 18
8 5 14 18 0 5 14 14 16 9 16 5 0 13 5 9 14 11 14 0
13 7 9 18 7 18 13 13 12 18 13 8 2 18 2 0 8 17 18 11
13 7 16 14 14 16 9 7 0 17 18 9 16 7 7 7 18 7 13 6
13 16 16 0 13 10 4 0 14 16 9 16 18 17 10 8 13 13 0 0
9 12 6 18 17 10 13 8 18 12 0 9 12 13 17 2 12 8 10 9
13 14 9 9 9 9 14 14 0 19 14 5 14 18 9 14 14 0 9 16
6 10 18 13 8 18 13 9 13 18 9 18 2 12 12 6 9 10 2 9
9 13 14 8 16 16 13 0 9 14 0 8 2 7 0 2 7 7 7 2
18 16 0 17 0 6 7 8 0 16 13 7 14 13 13 18 8 0 8 0
9 13 8 4 13 9 13 17 8 8 16 13 0 13 10 9 13 13 16 3
10 4 18 18 18 18 18 8 0 8 9 12 17 8 2 2 12 2 8 9
0 12 13 0 18 0 0 0 0 13 9 9 2 13 9 18 10 9 10 9
8 7 16 13 13 17 7 4 18 17 10 9 9 8 12 5 9 16 18 0
8 7 6 14 2 18 3 2 16 18 13 8 12 8 5 10 14 4 9 16
9 13 0 13 14 18 14 13 5 10 0 18 13 14 13 8 13 0 0 9
12 16 2 5 16 12 9 16 7 9 18 5 18 3 7 3 9 6 9 1
0 18 2 18 17 2 7 18 7 18 18 0 13 17 18 18 0 10 18 17
2 13 16 8 14 16 9 16 10 9 16 13 7 16 3 16 16 16 10 13
6 12 13 8 0 17 18 6 18 13 6 10 10 13 13 13 9 9 2 18
18 0 8 8 8 18 9 16 2 16 18 9 7 6 7 16 18 7 1 8
6 14 13 7 7 4 17 4 13 5 7 5 7 16 7 16 8 1 10 7
13 8 9 13 0 10 8 8 13 0 6 13 2 12 8 9 13 13 2 0
13 8 9 7 0 7 13 7 10 7 17 6 9 10 7 2 17 17 10 7
13 8 18 9 7 9 9 8 18 18 12 18 17 9 0 13 18 8 2 17
8 9 9 13 8 0 13 6 6 17 2 0 6 6 0 9 13 8 2 13
9 18 16 13 12 14 12 2 0 18 18 11 6 13 18 9 12 9 13 10
18 7 7 16 9 13 9 7 16 16 7 16 7 16 7 4 0 7 16 7
6 16 17 16 7 13 16 13 7 8 7 7 16 9 7 13 9 9 6 7
9 7 5 7 9 16 16 7 7 14 7 7 5 7 7 7 7 8 7 7
14 10 0 12 13 8 8 0 18 13 9 18 13 2 18 9 12 9 1 13
9 9 9 13 18 8 2 18 13 18 9 14 8 8 13 0 14 9 17 8
6 17 13 14 14 16 13 0 10 0 16 13 9 7 0 14 0 13 13 6
18 13 14 18 0 1 0 9 12 9 0 12 16 8 5 14 14 1 16 1
8 9 16 17 16 4 16 7 18 18 13 8 9 12 6 16 16 0 7 7
18 13 18 18 2 0 18 13 2 17 16 18 12 18 7 8 18 12 13 11
0 10 13 2 13 9 13 13 13 12 12 13 13 9 9 18 2 9 13 9
13 8 16 2 8 16 18 7 0 7 13 5 13 10 9 9 6 5 12 18
13 7 9 13 18 9 1 9 8 7 12 16 1 14 16 13 16 16 16 4
13 16 6 10 2 2 6 14 0 13 2 8 13 8 8 10 13 2 8 15
0 0 14 1 10 0 8 7 13 9 9 5 17 9 9 0 10 9 9 7
13 9 5 9 0 16 1 7 9 8 16 14 16 16 18 7 9 7 7 8
8 7 9 7 7 16 10 16 17 18 18 7 2 2 9 10 2 9 8 10
12 8 16 16 0 8 10 13 8 14 13 14 9 9 16 9 9 8 19 13
9 13 5 9 0 0 9 12 13 19 18 13 6 18 6 12 8 9 8 8
