0000 0100 0200 0010 0110 0020 0300 0400 0120 0500 0030 0410 0420 0001 0010 0040 0100 0031 0101 0420
0000 0100 0110 0010 0120 0001 0020 0100 0130 0100 0140 0021 0200 0100 0150 0100 0141 0201 0111 0030
0000 0100 0010 0020 0200 0011 0210 0001 0110 0000 0201 0002 0003 0030 0000 0300 0210 0202 0120 0220
0000 0100 0110 0111 0200 0300 0120 0301 0302 0210 0400 0300 0302 0303 0000 0300 0500 0300 0310 0300
0000 0100 0200 0210 0110 0300 0111 0310 0120 0112 0400 0010 0130 0140 0500 0320 0330 0100 0211 0311
0000 0100 0110 0120 0101 0200 0102 0120 0300 0130 0102 0140 0100 0010 0102 0120 0201 0103 0210 0100
0000 0100 0200 0300 0010 0400 0001 0000 0000 0310 0000 0410 0000 0500 0000 0600 0411 0411 0020 0030
0000 0010 0001 0100 0101 0200 0020 0002 0300 0200 0400 0500 0010 0003 0102 0310 0011 0030 0600 0004
0000 0010 0011 0000 0011 0011 0000 0020 0000 0030 0031 0001 0002 0011 0011 0011 0003 0004 0011 0011
0000 0100 0200 0300 0210 0211 0400 0210 0220 0211 0500 0201 0600 0700 0230 0800 0201 0900 0310 0202
0000 0000 0010 0020 0100 0200 0001 0010 0030 0040 0001 0040 0002 0011 0001 0000 0001 0000 0000 0210
0000 0100 0110 0100 0120 0100 0000 0200 0300 0100 0400 0500 0130 0510 0010 0101 0111 0410 0020 0520
0000 0010 0100 0001 0020 0001 0200 0300 0400 0101 0500 0401 0000 0110 0120 0210 0402 0600 0030 0030
0000 0100 0110 0200 0210 0120 0300 0201 0101 0400 0130 0500 0102 0210 0103 0220 0010 0100 0103 0211
0000 0100 0200 0110 0300 0010 0120 0210 0011 0110 0011 0012 0121 0011 0400 0020 0220 0101 0020 0500
0000 0100 0101 0200 0110 0210 0201 0300 0120 0220 0230 0200 0210 0240 0400 0210 0210 0210 0210 0102
0000 0010 0100 0020 0200 0011 0030 0001 0031 0300 0040 0210 0100 0101 0020 0310 0220 0050 0200 0320
0000 0100 0200 0300 0210 0110 0400 0220 0500 0310 0600 0510 0230 0520 0211 0700 0100 0530 0301 0540
0000 0100 0200 0300 0400 0410 0500 0510 0411 0010 0411 0600 0011 0411 0520 0010 0521 0110 0420 0700
0000 0100 0200 0000 0010 0020 0300 0201 0400 0310 0101 0210 0320 0401 0400 0400 0401 0102 0500 0400
0000 0010 0100 0110 0200 0001 0120 0210 0020 0211 0011 0101 0130 0140 0300 0310 0400 0120 0021 0150
0000 0010 0100 0001 0200 0300 0002 0001 0201 0001 0400 0001 0000 0001 0020 0021 0310 0500 0000 0001
0000 0001 0010 0100 0020 0200 0210 0110 0300 0021 0000 0210 0030 0101 0400 0220 0220 0020 0022 0220
0000 0100 0110 0200 0010 0300 0120 0130 0400 0310 0400 0401 0210 0101 0020 0320 0001 0500 0220 0230
0000 0100 0200 0300 0210 0310 0010 0220 0020 0011 0030 0301 0040 0302 0011 0001 0010 0050 0060 0302
0000 0001 0100 0010 0020 0200 0030 0002 0300 0011 0210 0003 0211 0220 0040 0221 0012 0041 0042 0400
0000 0100 0200 0110 0300 0400 0111 0300 0101 0310 0310 0120 0100 0301 0500 0130 0112 0301 0111 0121
0000 0010 0100 0001 0002 0003 0000 0002 0001 0011 0101 0100 0001 0110 0004 0200 0001 0001 0201 0001
0000 0100 0010 0020 0010 0011 0200 0200 0200 0300 0100 0030 0201 0012 0210 0110 0200 0040 0220 0400
0000 0100 0110 0111 0112 0111 0200 0300 0310 0000 0120 0320 0010 0111 0020 0400 0030 0000 0000 0111
0000 0100 0200 0010 0210 0020 0300 0400 0500 0410 0310 0320 0600 0030 0011 0040 0301 0050 0420 0060
0000 0100 0001 0002 0000 0010 0000 0010 0011 0200 0020 0300 0310 0101 0030 0210 0002 0040 0100 0400
0000 0100 0200 0210 0300 0400 0210 0500 0600 0700 0010 0800 0220 0900 0020 0700 0201 0900 0202 0801
0000 0000 0100 0010 0200 0020 0300 0110 0400 0410 0310 0101 0101 0320 0011 0210 0030 0201 0000 0420
0000 0100 0010 0001 0002 0003 0110 0111 0020 0002 0120 0004 0130 0004 0110 0131 0003 0004 0002 0030
0000 0100 0200 0300 0210 0310 0201 0220 0201 0201 0400 0110 0010 0320 0201 0221 0201 0201 0230 0310
0000 0100 0200 0201 0110 0210 0101 0300 0102 0400 0400 0220 0500 0220 0230 0600 0700 0100 0800 0210
0000 0010 0100 0110 0200 0300 0011 0310 0001 0400 0500 0320 0210 0201 0002 0200 0510 0020 0202 0321
0000 0100 0200 0110 0010 0100 0101 0210 0020 0102 0210 0300 0010 0400 0500 0410 0401 0103 0030 0110
0000 0001 0002 0003 0010 0010 0100 0010 0002 0002 0010 0020 0000 0200 0010 0110 0030 0120 0020 0040
0000 0100 0200 0010 0300 0400 0410 0011 0420 0020 0021 0011 0020 0012 0011 0430 0030 0022 0031 0201
0000 0100 0010 0020 0030 0110 0101 0102 0040 0103 0120 0130 0101 0111 0100 0050 0011 0103 0051 0060
0000 0010 0100 0110 0020 0200 0000 0120 0030 0011 0121 0001 0101 0300 0000 0000 0400 0500 0021 0000
0000 0100 0110 0120 0200 0201 0010 0130 0202 0300 0121 0140 0400 0210 0130 0131 0011 0020 0410 0420
0000 0010 0001 0001 0011 0000 0100 0012 0012 0012 0200 0012 0020 0012 0101 0030 0040 0210 0101 0012
0000 0001 0100 0200 0300 0002 0003 0003 0010 0400 0210 0500 0600 0610 0700 0611 0800 0020 0003 0301
0000 0010 0020 0100 0030 0021 0200 0010 0210 0010 0022 0031 0021 0031 0040 0050 0060 0011 0031 0030
0000 0000 0100 0001 0010 0002 0003 0001 0004 0000 0200 0011 0110 0020 0120 0300 0130 0005 0030 0310
0000 0100 0200 0001 0000 0300 0110 0400 0002 0001 0410 0310 0500 0111 0000 0320 0002 0600 0510 0501
0000 0100 0200 0300 0110 0001 0120 0130 0300 0310 0301 0302 0400 0101 0111 0302 0131 0132 0500 0132
0000 0100 0001 0110 0010 0010 0010 0011 0010 0020 0010 0002 0020 0120 0010 0200 0121 0021 0030 0122
0000 0100 0110 0200 0300 0120 0310 0320 0111 0210 0400 0211 0500 0130 0220 0510 0501 0311 0310 0010
0000 0100 0101 0010 0110 0102 0102 0120 0200 0300 0310 0120 0120 0110 0103 0400 0104 0110 0130 0111
0000 0010 0100 0010 0101 0010 0010 0011 0102 0102 0100 0010 0200 0300 0300 0110 0310 0100 0320 0010
0000 0010 0100 0020 0030 0011 0200 0300 0400 0210 0220 0221 0222 0500 0510 0520 0011 0040 0220 0310
0000 0100 0200 0210 0010 0101 0110 0300 0400 0011 0220 0210 0210 0020 0230 0210 0500 0600 0210 0231
0000 0010 0020 0100 0030 0010 0010 0101 0110 0200 0300 0301 0040 0111 0050 0011 0400 0012 0500 0010
0000 0100 0200 0300 0110 0200 0110 0400 0301 0111 0111 0110 0111 0112 0302 0500 0600 0110 0700 0210
0000 0010 0100 0200 0001 0110 0020 0021 0210 0120 0002 0130 0300 0021 0101 0011 0022 0022 0022 0022
0000 0100 0200 0300 0210 0400 0201 0220 0202 0110 0203 0211 0111 0212 0000 0203 0010 0020 0500 0510
0000 0100 0110 0200 0300 0310 0400 0120 0210 0220 0130 0010 0230 0401 0500 0400 0101 0410 0131 0320
0000 0100 0001 0200 0010 0300 0400 0020 0110 0310 0301 0320 0410 0330 0411 0030 0420 0310 0420 0302
0000 0100 0200 0001 0300 0101 0201 0210 0002 0211 0102 0400 0103 0500 0001 0000 0100 0010 0220 0230
0000 0100 0110 0120 0121 0130 0140 0111 0010 0131 0200 0122 0100 0141 0132 0100 0133 0101 0101 0121
0000 0100 0200 0101 0110 0300 0110 0120 0110 0400 0130 0410 0111 0111 0201 0101 0102 0500 0101 0140
0000 0100 0200 0010 0020 0001 0002 0001 0300 0002 0030 0002 0021 0011 0022 0110 0012 0111 0012 0400
0000 0100 0110 0200 0200 0300 0400 0010 0001 0410 0300 0210 0020 0211 0021 0220 0030 0420 0212 0401
0000 0100 0200 0100 0300 0400 0401 0110 0310 0500 0110 0110 0210 0510 0402 0110 0402 0220 0230 0311
0000 0100 0101 0110 0120 0111 0120 0112 0110 0001 0002 0200 0113 0003 0300 0110 0301 0111 0112 0120
0000 0100 0200 0210 0300 0301 0310 0001 0100 0320 0400 0311 0211 0201 0311 0311 0200 0110 0010 0311
0000 0010 0100 0001 0110 0002 0120 0020 0000 0200 0000 0130 0111 0140 0011 0101 0150 0020 0030 0000
0000 0100 0010 0001 0002 0200 0020 0300 0210 0110 0030 0010 0400 0101 0110 0120 0110 0100 0500 0600
0000 0100 0200 0210 0201 0010 0220 0101 0300 0011 0101 0230 0020 0301 0240 0100 0400 0500 0202 0241
0000 0100 0200 0110 0300 0120 0130 0120 0140 0001 0121 0121 0141 0150 0400 0301 0500 0120 0010 0100
0000 0100 0110 0200 0300 0400 0120 0120 0101 0500 0100 0101 0600 0610 0620 0010 0102 0100 0111 0130
0000 0100 0101 0200 0300 0400 0100 0210 0110 0211 0210 0210 0110 0102 0103 0120 0500 0310 0320 0102
0000 0010 0020 0030 0100 0040 0050 0200 0300 0021 0101 0201 0041 0060 0070 0051 0310 0311 0060 0001
0000 0100 0100 0100 0200 0300 0010 0301 0400 0110 0410 0500 0011 0600 0100 0200 0101 0210 0010 0201
0000 0100 0200 0110 0201 0100 0300 0400 0111 0500 0112 0112 0010 0111 0210 0600 0120 0112 0130 0121
0000 0010 0100 0001 0200 0300 0020 0030 0011 0002 0200 0040 0110 0000 0050 0012 0101 0400 0001 0041
0000 0010 0020 0001 0010 0002 0021 0020 0003 0030 0002 0001 0001 0030 0010 0001 0021 0000 0001 0003
0000 0010 0100 0200 0300 0210 0301 0310 0000 0001 0320 0302 0002 0220 0003 0004 0110 0201 0001 0303
0000 0100 0200 0210 0211 0300 0220 0301 0310 0400 0500 0302 0230 0231 0600 0610 0231 0240 0241 0300
0000 0100 0001 0000 0000 0010 0001 0110 0020 0200 0210 0020 0001 0220 0000 0230 0300 0200 0240 0120
0000 0100 0110 0001 0110 0002 0010 0110 0000 0011 0002 0012 0012 0000 0012 0010 0110 0013 0003 0012
0000 0100 0010 0020 0001 0002 0000 0030 0011 0200 0210 0001 0040 0012 0300 0400 0500 0300 0501 0600
0000 0100 0010 0100 0020 0101 0030 0021 0101 0200 0001 0300 0400 0110 0111 0002 0102 0120 0100 0500
0000 0100 0200 0300 0110 0120 0400 0500 0600 0410 0210 0420 0700 0430 0130 0440 0200 0301 0710 0450
0000 0100 0200 0300 0400 0010 0500 0101 0600 0700 0102 0102 0020 0701 0100 0030 0800 0510 0102 0900
0000 0100 0200 0010 0210 0201 0011 0220 0010 0100 0221 0210 0300 0211 0220 0222 0223 0220 0220 0220
0000 0100 0110 0010 0200 0020 0110 0000 0300 0201 0100 0201 0010 0202 0110 0201 0310 0111 0000 0001
0000 0100 0100 0101 0100 0010 0110 0120 0130 0140 0150 0131 0100 0102 0020 0132 0100 0100 0200 0300
0000 0100 0110 0001 0200 0300 0010 0301 0120 0020 0400 0021 0020 0130 0000 0140 0002 0101 0141 0500
0000 0100 0200 0001 0001 0110 0010 0002 0003 0002 0210 0011 0001 0120 0011 0020 0111 0130 0220 0000
0000 0010 0020 0030 0100 0030 0200 0021 0020 0040 0020 0300 0020 0011 0030 0011 0201 0050 0012 0060
0000 0100 0200 0110 0010 0300 0020 0030 0021 0011 0001 0010 0010 0400 0010 0011 0040 0030 0012 0040
0000 0100 0101 0101 0001 0101 0001 0200 0101 0300 0101 0101 0001 0400 0101 0110 0120 0101 0130 0410
0000 0100 0100 0010 0200 0101 0300 0400 0010 0110 0020 0410 0030 0040 0420 0500 0500 0600 0050 0700
0000 0000 0000 0000 0000 0100 0000 0200 0000 0001 0300 0010 0020 0002 0021 0001 0200 0001 0030 0400
0000 0100 0110 0200 0300 0111 0112 0310 0110 0400 0101 0101 0102 0120 0311 0103 0110 0121 0201 0300
