0000 0000 0000 0010 0000 0000 0000 0000 0000 0100 0000 0000 0000 0000 0001 0000 0000 0000 0000 0000
0000 0010 0010 0100 0100 0010 0010 0020 0020 0001 0010 0020 0010 0020 0010 0100 0100 0020 0100 0020
0000 0000 0000 0000 0000 0000 0000 0000 0000 0000 0000 0000 0000 0000 0000 0000 0000 0100 0000 0000
0000 0100 0110 0000 0200 0110 0010 0010 0110 0210 0100 0020 0000 0020 0100 0000 0000 0110 0110 0000
0000 0100 0200 0210 0000 0000 0210 0200 0200 0210 0210 0200 0210 0100 0100 0210 0210 0210 0200 0200
0000 0000 0000 0000 0000 0000 0000 0000 0000 0000 0000 0000 0000 0000 0000 0000 0000 0000 0000 0000
0000 0000 0000 0000 0000 0000 0000 0000 0000 0000 0000 0000 0000 0000 0000 0000 0000 0000 0000 0000
0000 0000 0100 0000 0000 0200 0100 0000 0000 0200 0000 0000 0200 0000 0200 0200 0200 0000 0000 0000
0000 0100 0010 0001 0020 0100 0001 0010 0020 0000 0100 0000 0000 0000 0000 0000 0000 0100 0000 0100
0000 0000 0100 0000 0000 0000 0000 0000 0000 0100 0000 0000 0200 0100 0000 0000 0000 0001 0001 0001
0000 0000 0000 0000 0001 0001 0001 0001 0000 0000 0000 0000 0000 0001 0000 0001 0000 0001 0000 0000
0000 0000 0000 0000 0000 0000 0000 0000 0000 0000 0010 0000 0000 0000 0000 0000 0000 0001 0000 0000
0000 0000 0000 0000 0000 0000 0000 0000 0100 0000 0000 0000 0000 0100 0100 0000 0000 0000 0100 0000
0000 0000 0000 0000 0000 0000 0000 0000 0000 0000 0000 0000 0000 0000 0000 0000 0000 0000 0000 0000
0000 0000 0000 0000 0000 0000 0000 0000 0100 0001 0001 0000 0000 0000 0000 0000 0000 0100 0000 0000
0000 0100 0110 0000 0000 0100 0000 0100 0000 0200 0111 0000 0300 0300 0000 0001 0000 0110 0000 0101
0000 0000 0000 0000 0000 0000 0000 0000 0000 0000 0000 0000 0000 0000 0000 0000 0000 0000 0000 0000
0000 0100 0110 0100 0100 0101 0120 0120 0001 0101 0200 0100 0100 0100 0101 0200 0101 0101 0120 0101
0000 0000 0000 0001 0100 0001 0001 0000 0000 0001 0000 0001 0000 0001 0001 0000 0010 0000 0001 0000
0000 0100 0100 0000 0200 0000 0100 0100 0010 0100 0100 0020 0100 0010 0101 0010 0101 0001 0100 0000
0000 0000 0000 0100 0100 0101 0110 0101 0100 0000 0101 0101 0101 0100 0110 0000 0100 0000 0101 0110
0000 0000 0000 0000 0000 0010 0000 0010 0010 0000 0000 0000 0010 0000 0100 0000 0000 0000 0000 0000
0000 0000 0000 0000 0100 0000 0000 0000 0000 0000 0000 0000 0100 0000 0000 0000 0000 0000 0000 0000
0000 0010 0001 0001 0000 0001 0000 0000 0000 0001 0000 0000 0000 0001 0020 0000 0002 0002 0000 0001
0000 0100 0010 0110 0010 0000 0010 0100 0010 0010 0010 0110 0010 0010 0010 0010 0000 0100 0000 0100
0000 0000 0000 0000 0000 0000 0000 0000 0000 0000 0000 0000 0000 0000 0000 0000 0000 0000 0000 0000
0000 0000 0000 0000 0000 0000 0000 0000 0000 0000 0000 0000 0000 0000 0000 0000 0000 0000 0000 0000
0000 0100 0100 0100 0100 0000 0100 0100 0100 0100 0100 0100 0100 0100 0100 0100 0100 0100 0100 0100
0000 0010 0000 0000 0000 0010 0000 0000 0000 0010 0000 0010 0000 0000 0000 0000 0000 0000 0000 0000
0000 0000 0001 0100 0101 0101 0110 0000 0110 0100 0000 0110 0200 0001 0100 0110 0001 0000 0100 0110
0000 0100 0000 0101 0101 0000 0000 0000 0101 0000 0000 0000 0000 0000 0000 0100 0000 0000 0000 0100
0000 0000 0100 0100 0010 0010 0010 0100 0000 0000 0010 0010 0010 0010 0100 0010 0000 0010 0100 0000
0000 0001 0001 0002 0001 0001 0001 0001 0001 0001 0002 0002 0001 0001 0000 0000 0000 0001 0010 0011
0000 0000 0000 0000 0100 0000 0000 0000 0000 0000 0101 0000 0000 0100 0000 0000 0000 0000 0000 0000
0000 0000 0000 0000 0000 0000 0000 0100 0000 0000 0000 0000 0000 0000 0110 0000 0000 0000 0000 0000
0000 0010 0010 0100 0010 0001 0010 0010 0010 0010 0010 0010 0010 0010 0010 0010 0001 0010 0010 0010
0000 0010 0010 0011 0010 0010 0010 0010 0010 0011 0010 0011 0011 0010 0010 0010 0011 0010 0010 0010
0000 0000 0100 0000 0001 0000 0200 0000 0000 0001 0000 0000 0010 0200 0200 0000 0200 0101 0002 0002
0000 0000 0000 0000 0000 0000 0000 0000 0000 0000 0000 0000 0000 0000 0000 0000 0000 0000 0000 0000
0000 0100 0100 0200 0000 0000 0100 0100 0200 0000 0110 0100 0100 0000 0010 0100 0100 0200 0000 0000
0000 0100 0001 0000 0100 0100 0100 0001 0100 0000 0200 0100 0100 0100 0100 0100 0100 0100 0100 0000
0000 0000 0000 0010 0000 0011 0000 0000 0000 0000 0000 0000 0000 0010 0000 0000 0001 0000 0000 0000
0000 0001 0001 0001 0001 0001 0001 0001 0000 0001 0001 0001 0000 0001 0001 0001 0010 0002 0001 0001
0000 0000 0000 0000 0000 0010 0000 0000 0000 0000 0000 0000 0010 0000 0000 0000 0000 0000 0000 0010
0000 0001 0000 0000 0000 0000 0000 0000 0001 0000 0000 0000 0000 0000 0000 0000 0000 0000 0000 0000
0000 0001 0000 0000 0010 0000 0001 0000 0000 0000 0001 0000 0000 0000 0000 0000 0000 0001 0000 0001
0000 0000 0000 0000 0000 0000 0000 0000 0000 0000 0000 0000 0000 0000 0000 0000 0000 0000 0000 0000
0000 0000 0000 0000 0000 0100 0000 0000 0000 0000 0000 0000 0000 0000 0000 0000 0000 0000 0000 0000
0000 0000 0010 0001 0000 0000 0011 0001 0000 0000 0002 0000 0001 0001 0001 0000 0000 0000 0001 0000
0000 0100 0100 0001 0101 0100 0000 0101 0100 0100 0101 0001 0100 0100 0100 0001 0100 0101 0100 0001
0000 0010 0000 0100 0000 0100 0000 0000 0000 0100 0100 0100 0100 0000 0011 0100 0011 0010 0000 0000
0000 0000 0000 0000 0001 0000 0000 0000 0000 0000 0000 0000 0000 0000 0000 0000 0000 0000 0000 0000
0000 0010 0000 0011 0010 0010 0000 0010 0000 0010 0010 0010 0000 0011 0010 0010 0010 0010 0010 0011
0000 0000 0000 0000 0100 0000 0100 0000 0001 0000 0000 0000 0001 0000 0100 0000 0000 0000 0100 0100
0000 0010 0010 0010 0010 0010 0010 0010 0010 0010 0020 0020 0010 0010 0010 0010 0010 0020 0010 0010
0000 0000 0010 0001 0010 0010 0010 0010 0010 0010 0010 0010 0010 0000 0010 0010 0010 0010 0010 0010
0000 0000 0000 0000 0010 0000 0000 0020 0000 0000 0000 0000 0000 0010 0000 0000 0000 0010 0000 0000
0000 0010 0010 0001 0010 0010 0010 0010 0000 0010 0000 0010 0010 0100 0100 0001 0010 0000 0010 0000
0000 0000 0000 0000 0010 0010 0010 0000 0000 0000 0011 0010 0000 0000 0000 0000 0000 0010 0010 0000
0000 0000 0000 0000 0000 0000 0100 0000 0000 0000 0000 0100 0000 0100 0100 0010 0100 0000 0000 0000
0000 0000 0000 0000 0000 0000 0100 0000 0000 0000 0000 0000 0000 0000 0000 0000 0000 0000 0000 0000
0000 0001 0001 0000 0001 0001 0100 0100 0000 0000 0000 0001 0010 0001 0101 0001 0001 0000 0000 0000
0000 0100 0000 0000 0000 0000 0000 0000 0100 0010 0000 0000 0000 0000 0000 0100 0000 0010 0100 0000
0000 0000 0000 0000 0010 0000 0000 0000 0000 0000 0000 0000 0000 0000 0000 0000 0000 0000 0010 0011
0000 0000 0000 0000 0010 0000 0000 0000 0000 0000 0000 0000 0000 0000 0010 0000 0000 0000 0000 0000
0000 0000 0000 0000 0000 0000 0000 0000 0000 0000 0000 0000 0000 0010 0010 0000 0000 0000 0000 0000
0000 0010 0100 0010 0100 0010 0010 0100 0010 0011 0012 0100 0100 0010 0011 0013 0100 0100 0010 0100
0000 0000 0000 0000 0000 0000 0000 0000 0000 0000 0000 0000 0000 0010 0000 0000 0000 0000 0100 0000
0000 0000 0000 0010 0000 0000 0100 0110 0000 0110 0110 0000 0000 0110 0000 0000 0110 0000 0001 0000
0000 0000 0001 0000 0000 0001 0000 0000 0000 0001 0000 0000 0100 0000 0000 0000 0000 0000 0000 0000
0000 0000 0000 0000 0000 0000 0000 0000 0000 0000 0000 0000 0000 0000 0000 0000 0000 0000 0000 0000
0000 0000 0001 0002 0000 0002 0000 0002 0002 0000 0001 0000 0000 0001 0002 0000 0002 0002 0001 0002
0000 0000 0001 0100 0001 0110 0110 0000 0100 0000 0100 0000 0001 0000 0000 0000 0000 0101 0000 0001
0000 0000 0000 0000 0000 0000 0000 0000 0000 0000 0000 0000 0000 0000 0000 0000 0000 0000 0000 0000
0000 0100 0200 0200 0200 0100 0100 0200 0101 0100 0200 0100 0100 0101 0200 0101 0200 0200 0200 0101
0000 0000 0000 0000 0000 0000 0000 0000 0000 0000 0000 0000 0000 0000 0000 0000 0000 0000 0000 0000
0000 0000 0000 0000 0000 0000 0000 0000 0000 0000 0000 0000 0000 0000 0000 0000 0000 0000 0000 0000
0000 0000 0000 0000 0000 0000 0000 0000 0000 0000 0000 0000 0000 0000 0000 0000 0000 0000 0000 0000
0000 0001 0000 0100 0110 0200 0300 0110 0111 0300 0000 0000 0200 0110 0200 0300 0300 0110 0110 0000
0000 0100 0100 0000 0200 0101 0101 0210 0000 0000 0000 0100 0100 0000 0100 0210 0000 0100 0000 0101
0000 0000 0001 0002 0000 0001 0001 0001 0001 0001 0001 0001 0001 0002 0001 0001 0001 0001 0001 0000
0000 0000 0000 0000 0000 0000 0000 0000 0000 0000 0000 0000 0000 0000 0000 0000 0000 0000 0000 0000
0000 0000 0000 0000 0000 0000 0000 0000 0000 0000 0000 0000 0000 0000 0000 0000 0000 0001 0000 0000
0000 0000 0000 0000 0100 0000 0000 0100 0000 0000 0000 0000 0000 0000 0000 0000 0000 0000 0000 0000
0000 0000 0000 0001 0000 0000 0001 0000 0000 0000 0000 0001 0000 0000 0002 0001 0000 0000 0000 0000
0000 0010 0010 0000 0001 0010 0001 0000 0000 0001 0100 0010 0010 0001 0001 0001 0001 0100 0010 0010
0000 0100 0000 0110 0000 0101 0101 0101 0000 0100 0000 0111 0111 0111 0101 0000 0010 0101 0000 0000
0000 0000 0000 0100 0000 0000 0000 0000 0000 0100 0000 0000 0000 0000 0101 0100 0000 0000 0000 0000
0000 0000 0000 0100 0000 0000 0000 0000 0101 0000 0000 0000 0000 0000 0000 0000 0000 0000 0000 0000
0000 0001 0002 0000 0003 0000 0000 0002 0000 0001 0000 0000 0000 0003 0000 0010 0000 0002 0000 0002
0000 0001 0000 0000 0000 0000 0000 0000 0000 0000 0000 0000 0000 0000 0100 0000 0001 0000 0000 0000
0000 0001 0001 0000 0001 0001 0000 0000 0000 0000 0000 0001 0000 0001 0000 0001 0001 0000 0010 0000
0000 0000 0000 0000 0000 0000 0000 0000 0000 0000 0000 0000 0000 0000 0000 0000 0000 0000 0000 0000
0000 0100 0100 0010 0000 0100 0100 0200 0100 0000 0100 0000 0100 0100 0100 0200 0200 0000 0200 0100
0000 0000 0000 0000 0000 0001 0000 0000 0000 0000 0000 0000 0000 0000 0002 0000 0000 0000 0000 0000
0000 0100 0100 0001 0100 0100 0100 0100 0100 0100 0002 0001 0100 0100 0100 0101 0100 0100 0100 0010
0000 0100 0100 0110 0110 0110 0100 0100 0100 0100 0100 0100 0110 0100 0100 0100 0100 0110 0100 0100
0000 0000 0000 0000 0000 0000 0000 0000 0010 0000 0000 0000 0000 0000 0000 0000 0000 0000 0000 0000
0000 0010 0100 0100 0010 0000 0000 0100 0000 0011 0000 0000 0000 0000 0000 0010 0000 0000 0010 0000
0000 0000 0010 0000 0000 0000 0000 0000 0000 0011 0000 0000 0000 0000 0000 0000 0000 0000 0000 0000
