0110	[0.0179765771299701, 0.01885599552818486, 1.3565368657145031e-05, 0.1005330840822247, 0.004921252555269596, 0.05587061068844424, 0.03283923984574437, 0.00045425667697038415, 0.09656251393950137, 1.0028296172486402e-05, 0.04772478745987526, 4.251838275867111e-07, 1.5029909764230645e-09, 0.3360700242251092, 0.10926503472760361, 0.008047871083711656, 0.011141878773753356, 0.003340200474625087, 0.1563700614812972, 2.5909760669385613e-06]
0111	[0.04320297903431249, 0.007573519941120901, 0.3265831737688208, 0.029728689597106634, 0.0005101904998848946, 6.065063177075274e-06, 0.15261340386292815, 1.9596893472632344e-07, 0.07173736554609804, 5.270982240732891e-05, 1.8912895743512305e-07, 0.019948554973252413, 3.0974959268531896e-05, 0.0009980722623436507, 7.910987041824409e-05, 0.00102854982307617, 0.32165579208654926, 0.000558916717946067, 0.003494144287086439, 0.020197402786310898]
0011	[2.69289272032342e-06, 3.201542037753672e-05, 0.2760796898541578, 0.02699139405575264, 0.028421082476427422, 0.0010082153159275658, 0.14901125322995318, 0.0060368320578576985, 0.1883896029685777, 1.1787568912673908e-06, 0.03204577155864449, 0.0023260077810668372, 0.00133214323173665, 0.21792453177855164, 0.02481627324833161, 3.65840094114792e-11, 0.0006082471161105056, 0.018128512152087474, 0.026709021898028904, 0.0001355341702144672]
0010	[0.0905103799040512, 0.021311282495166537, 9.287367404511085e-07, 0.00768094620082556, 1.1414534390819094e-07, 0.10483153312552349, 0.002165929582836013, 2.4236151665133214e-05, 0.015571623969015416, 0.2059868779694845, 8.731112172060226e-06, 0.032802252266243635, 0.01040948571833895, 0.003991886454469981, 0.32766515204072155, 0.0005274932766395414, 0.12993487261650513, 8.713970509070558e-06, 0.011518256398845284, 0.035049303864902605]
0031	[0.006191823337899185, 0.018984868188031898, 0.0004997603371678442, 0.012103863515587994, 0.00203275439679109, 0.44265341994811586, 7.256193928790854e-06, 0.01575467084356081, 8.949042957586645e-05, 0.23520902456268034, 0.01072851576169614, 9.449485672453695e-09, 0.08883501703496316, 0.0046230053530326, 0.02367594537798467, 0.005877094078539195, 0.014831851014180277, 4.456995875805645e-07, 0.11758197771763211, 0.00031920675955863354]
0030	[0.03867427472787947, 3.340623614057821e-11, 0.09067484739310762, 0.15905161290359077, 7.49143756379004e-12, 0.04637898222650032, 0.027844541303779044, 0.0004640547979562541, 0.0018758989087683238, 0.1585346404074468, 0.07196934598910275, 3.094559274104272e-08, 0.026516687070918733, 0.005378415004184761, 0.03538484324782738, 0.03875121223461614, 0.2143434055674848, 0.018221994524899133, 0.043674034992169805, 0.022261177713277354]
0121	[0.0020126551087506915, 5.225535858543156e-06, 0.0002832525454371215, 0.0026274671305302195, 0.0014815243589095571, 0.0002773483138988071, 2.1426504372379492e-05, 0.7010799362057974, 0.0006561935671558818, 1.2541001533266643e-05, 0.0006045417801138645, 0.002446592530402165, 5.5341102901925144e-05, 3.910913553177513e-09, 0.0013139812169628855, 2.2265392445230224e-05, 0.004016381396754784, 0.12762774951214864, 0.07311763521630983, 0.08233793766880318]
0003	[0.08977851596657092, 5.294963502669102e-12, 0.0005224418365774756, 2.0218326439740295e-15, 0.15729231632481264, 0.001758719618647798, 0.002128868094791139, 5.946784905851398e-09, 0.49566208128958766, 2.163517974277106e-05, 0.042598222424118905, 0.1741094359286298, 0.00911358126953522, 1.4368210713035448e-05, 1.896076201498571e-09, 0.0004588477400266286, 0.011925069163923342, 0.00318833796695299, 0.0009592727682332922, 0.010468278368978571]
0200	[9.017970191785503e-06, 0.090372959389307, 0.054313265902276836, 3.0097265198265685e-13, 0.1614318692565451, 0.07140691165593528, 0.0033480117433089653, 0.08147836539614209, 0.1074273975650992, 0.0013986706540681372, 0.19220089042668514, 0.005240595074408927, 2.001626463651308e-05, 3.6114820359622593e-07, 0.000613358007566722, 0.02689237897435241, 1.434468364447323e-08, 0.18432298038336917, 0.014304813728501982, 0.00521812211441671]
0201	[2.0877952669645354e-05, 0.000517481533694266, 0.05861176028876953, 0.00014113856161097457, 0.0826208450891705, 0.007593307262421158, 0.02428052186231734, 0.6453977507476225, 0.0005072308921220681, 7.643515931357019e-07, 0.09425829558870684, 0.07160223640315241, 1.4424126806489165e-14, 0.0025788668474296867, 0.0022123835868947854, 0.0005963388374433039, 6.357568138519922e-07, 0.00386349878508582, 0.0051960654979115155, 1.5455632015785375e-10]
0301	[0.001422008422012815, 6.509911408055407e-05, 0.003407755127231707, 0.01834577982287325, 0.002890558212060968, 8.691721474168129e-05, 0.024086367842985682, 0.23179653402535644, 6.617645382714959e-05, 0.07565171798831623, 0.0007721595250103891, 0.00015060378302640264, 0.13849300255353486, 0.054205704110413026, 0.0008294523266984834, 0.2642771721966345, 0.0020381427186098745, 0.09939627101743731, 0.08201421520924358, 4.362335904818648e-06]
0300	[0.16015072789840326, 5.956394944077791e-07, 0.03251562330562369, 0.026995762090129015, 0.009914054709506539, 9.92371884124468e-05, 9.058940776644238e-05, 0.09969993037836458, 7.642829708035813e-06, 2.2413849163370926e-06, 0.027885049451964846, 1.130632545351025e-06, 0.067506483092318, 0.0005727524473781249, 0.00019424960147529886, 0.0032692305505504816, 0.02609804628256677, 0.195239091541663, 0.3169196418452083, 0.032837919722005234]
0020	[0.542816488063516, 0.04540773731634709, 0.012082087328378453, 0.011165927772295314, 4.763140726250492e-05, 0.0005472887385828814, 0.007786691378709952, 0.002994942100926335, 3.0467271610689823e-05, 3.5681083862445027e-06, 0.0013430501694251965, 0.20136869599384383, 1.0179664442817482e-07, 0.002950335690573284, 0.0001202423639357028, 0.1028761507897773, 7.028220885447731e-05, 0.004509221539026202, 0.06369951292437792, 0.00017957703752622295]
0021	[0.10607997194752007, 0.1361193838327967, 0.19395366877985432, 0.00013020818735853346, 0.046308532310361014, 0.010293812248500709, 0.15389768774450785, 0.12493852718670334, 3.289353890028675e-05, 0.0027868475344948736, 0.13887098265245557, 0.0011130328064931135, 0.0471398420350933, 0.011351050787645952, 0.0017256609512438003, 0.011463545703175607, 4.807916759793775e-12, 2.867460194214452e-15, 0.012157779963484511, 0.0016365717845995464]
0000	[0.10671420334996436, 0.0022422057193828586, 0.083691285268524, 1.3068980834338261e-05, 0.0039977227687637935, 0.00808708603245543, 0.05063687469253413, 0.0013618648340043946, 0.11478810962484173, 0.12564564254741514, 0.04519752705186858, 0.0002618949084193243, 0.054185417107586724, 0.22520535506444386, 0.006152793643242785, 0.0018097334576622737, 0.0015033415774448617, 0.01482935656058483, 0.15038251373206837, 0.0032940030779579576]
0001	[0.02256432340032816, 1.1048934592415296e-05, 0.03922830900786411, 5.250184187511984e-05, 0.006057663595464205, 0.016454443043083737, 0.06303139215135771, 0.3091869687193913, 0.0003953899692685385, 0.00031373399182756193, 0.0018972790156467194, 0.0027811957458839507, 0.015531855479041214, 1.2714096504757397e-07, 0.00022530790974670912, 0.00029131064845332226, 0.07770109333645057, 0.1168475984680601, 0.32742506300459173, 3.3945961078441497e-06]
0002	[0.11947937687215587, 0.04899079087411048, 0.008063657750238987, 0.027369286383535262, 0.014511534869887646, 0.00401626199059142, 0.05652579541114748, 0.0007355937186426998, 0.16443034861422104, 0.01982656246659177, 0.07057885283846502, 7.996002460624999e-06, 0.00042094020639824465, 0.06663955083575936, 0.1116812354750903, 0.0014598786352212738, 0.0006009458607774531, 0.00021576195992594952, 1.4160764604601848e-05, 0.2844314684701745]
0120	[7.355365878505307e-06, 0.44211001109292813, 0.09047477589710566, 0.013313283077155126, 3.0655613467753214e-07, 3.8764347096864764e-06, 0.003616813820929138, 0.374214129771668, 0.00366875708294244, 0.0018258840565879373, 0.06642629136431155, 0.00012571553186944542, 0.0002200107153637355, 2.547087374132946e-07, 0.0012173731640390743, 2.0557689041716205e-05, 0.00018852333413177402, 0.002006447445799851, 2.691241613456554e-06, 0.000556941649052647]
0220	[2.1270677465933344e-08, 0.00027905759036889964, 0.0012037148821490975, 0.02058334843440695, 0.1276854629518916, 0.009950518299514325, 0.24481018578589964, 0.14922277086449146, 0.007092291147260571, 2.5143799659546804e-07, 0.016631159487943994, 0.3834464353848133, 0.0026154244762487326, 6.285167991418352e-06, 1.1614969143474071e-05, 0.009689311770247878, 0.004167415164502876, 0.018289978799431426, 0.004314723221157694, 2.889386263058973e-08]
0101	[0.006074926228270464, 1.2030174443008878e-05, 3.2592301211640224e-06, 0.03856294342880809, 0.0010921662896327439, 0.1960495266889987, 0.01242231749890525, 0.0075831053703525435, 1.7849153887977037e-08, 0.007593931035855647, 6.720642333991147e-07, 0.33593012230227076, 0.0030688576561973503, 0.1212852257067579, 0.20306505558720248, 0.03869727211604895, 0.027670003408073053, 0.0002613403612998681, 0.0001437205679453124, 0.0004835064354295764]
0100	[0.0005130258686868122, 0.02094127599677745, 0.0004632472210169714, 0.0007610578580729698, 0.001002708993140637, 0.0065490469437827145, 2.755465769983902e-06, 0.3903121002117606, 0.06094219945911901, 0.1338519950234941, 0.0009673870111325733, 0.0028607207702605543, 0.0008606250065080573, 2.13368905030048e-05, 0.004666381616857554, 5.054008012137877e-05, 0.36888453954331846, 0.003972418226853367, 0.0018194446830593679, 0.0005571931297646369]
0103	[0.0012911922277289724, 6.936384502239692e-05, 0.1017907128055576, 0.00055786191489566, 0.016485034491470513, 0.0041669466409523835, 0.0993549691981123, 0.00853467924652397, 0.03598678873540865, 0.018262702001039764, 0.0047144428630458935, 2.5055958897361e-05, 0.3063944964604145, 3.522355505797158e-07, 0.04666553866317127, 0.009370636815959125, 0.20111523082196014, 0.02742045317713552, 2.069172604483399e-07, 0.117793334979893]
0102	[0.0141843136192571, 0.14477392206302123, 0.05220553244921495, 0.08176223171436352, 0.035189506798387886, 0.13643902086020027, 0.00046152061097353895, 0.038803240259509784, 2.4075602120415924e-06, 8.656409711821625e-06, 0.002356338022770809, 1.1571604149607071e-05, 0.008889576622728637, 0.06403075221214372, 0.0005717466708569562, 0.017045908256658863, 0.03688792813806816, 0.002743398190677286, 0.013677844864783737, 0.3499545830723102]
0210	[3.6571603100854586e-08, 0.0004934755647113981, 2.9833586216177364e-05, 0.015645947010977553, 0.3802029824241555, 2.3924484482373235e-09, 0.2983771258184176, 8.199482662675836e-06, 0.054677926435032005, 0.005372689266395755, 0.00011873963954900837, 0.021121770272308195, 0.039503514936604485, 1.1146956207113172e-05, 0.06104847545962737, 1.552579518309799e-06, 0.08506208319327825, 0.004997690507872254, 0.002615502307756077, 0.030711305594658803]
