0000 0000 0000 0000 0000 0000 0001 0000 0000 0000 0000 0000 0000 0000 0000 0000 0000 0000 0000 0000
0000 0010 0020 0010 0010 0010 0010 0010 0010 0010 0010 0010 0010 0020 0010 0010 0010 0010 0010 0010
0000 0000 0000 0001 0000 0000 0000 0000 0000 0000 0000 0000 0000 0000 0000 0000 0000 0000 0000 0000
0000 0100 0100 0001 0000 0001 0000 0100 0010 0010 0010 0100 0000 0200 0000 0000 0000 0010 0210 0220
0000 0000 0000 0001 0000 0000 0001 0000 0000 0000 0000 0001 0000 0001 0000 0001 0001 0001 0000 0000
0000 0010 0000 0010 0000 0000 0010 0001 0002 0010 0010 0010 0001 0001 0011 0010 0010 0010 0010 0001
0000 0010 0010 0010 0010 0010 0010 0010 0010 0010 0010 0020 0010 0010 0020 0020 0000 0010 0010 0020
0000 0000 0000 0100 0000 0000 0000 0000 0000 0000 0000 0000 0000 0000 0000 0000 0000 0000 0000 0000
0000 0001 0001 0000 0001 0000 0001 0001 0001 0001 0000 0001 0000 0001 0000 0000 0001 0000 0001 0000
0000 0000 0000 0000 0000 0000 0000 0000 0000 0000 0000 0000 0000 0000 0000 0000 0000 0000 0000 0000
0000 0010 0100 0000 0010 0200 0010 0010 0010 0000 0210 0010 0100 0000 0000 0000 0000 0200 0010 0101
0000 0001 0000 0000 0000 0000 0000 0000 0000 0000 0000 0000 0000 0000 0000 0000 0000 0000 0000 0000
0000 0000 0000 0000 0000 0000 0000 0000 0000 0000 0000 0000 0000 0000 0000 0000 0000 0000 0000 0000
0000 0000 0010 0000 0000 0000 0000 0000 0000 0000 0011 0011 0000 0100 0011 0010 0011 0100 0100 0011
0000 0000 0000 0100 0200 0000 0110 0200 0000 0000 0000 0000 0000 0000 0200 0000 0101 0000 0200 0000
0000 0000 0000 0000 0000 0000 0000 0000 0000 0000 0000 0000 0000 0000 0000 0000 0000 0000 0000 0000
0000 0000 0000 0000 0000 0000 0001 0000 0000 0001 0000 0000 0000 0000 0000 0001 0000 0001 0000 0000
0000 0000 0001 0000 0000 0001 0100 0000 0100 0000 0110 0000 0000 0000 0001 0000 0110 0100 0200 0000
0000 0000 0100 0100 0000 0100 0100 0000 0000 0100 0000 0100 0100 0100 0100 0000 0100 0100 0100 0100
0000 0010 0000 0001 0100 0100 0000 0001 0001 0200 0011 0000 0000 0201 0100 0100 0101 0100 0011 0100
0000 0000 0000 0000 0000 0000 0000 0000 0000 0010 0000 0000 0000 0000 0000 0011 0001 0000 0000 0000
0000 0010 0000 0010 0000 0000 0000 0000 0000 0000 0010 0000 0000 0000 0000 0000 0000 0000 0000 0000
0000 0010 0100 0000 0000 0101 0010 0000 0020 0020 0001 0101 0020 0000 0020 0000 0101 0001 0000 0000
0000 0001 0001 0100 0001 0001 0001 0001 0110 0110 0001 0101 0111 0111 0010 0110 0110 0001 0110 0100
0000 0000 0000 0000 0000 0000 0000 0000 0010 0000 0000 0000 0000 0000 0000 0000 0000 0000 0000 0000
0000 0000 0000 0000 0001 0000 0000 0000 0000 0000 0000 0000 0000 0000 0000 0000 0000 0000 0000 0000
0000 0000 0000 0000 0000 0000 0000 0000 0000 0000 0000 0000 0000 0000 0000 0000 0000 0000 0000 0000
0000 0000 0000 0000 0000 0000 0000 0000 0000 0001 0000 0000 0000 0000 0000 0000 0000 0000 0000 0000
0000 0000 0001 0000 0001 0000 0001 0001 0001 0001 0000 0000 0001 0001 0001 0001 0001 0000 0001 0001
0000 0010 0000 0000 0010 0010 0010 0010 0000 0010 0001 0000 0000 0000 0000 0010 0000 0000 0000 0000
0000 0000 0010 0000 0000 0000 0000 0000 0010 0000 0010 0000 0000 0000 0000 0010 0000 0010 0000 0000
0000 0000 0001 0001 0001 0001 0001 0000 0000 0001 0000 0001 0000 0000 0000 0000 0000 0000 0000 0001
0000 0100 0110 0110 0100 0010 0100 0011 0110 0100 0100 0000 0110 0100 0100 0100 0110 0100 0011 0110
0000 0100 0001 0100 0101 0100 0101 0000 0100 0100 0001 0000 0100 0100 0101 0100 0110 0100 0110 0100
0000 0000 0001 0100 0100 0100 0110 0000 0000 0000 0110 0000 0000 0000 0100 0000 0000 0100 0100 0000
0000 0000 0000 0000 0000 0000 0000 0000 0000 0000 0000 0000 0000 0000 0000 0000 0000 0000 0000 0000
0000 0000 0000 0000 0000 0000 0000 0000 0000 0000 0000 0000 0000 0000 0000 0000 0000 0000 0000 0000
0000 0000 0000 0000 0000 0000 0000 0000 0100 0000 0000 0000 0000 0100 0001 0000 0000 0000 0000 0000
0000 0000 0010 0000 0000 0000 0000 0000 0100 0001 0000 0110 0000 0000 0111 0120 0000 0000 0111 0000
0000 0000 0000 0000 0000 0001 0000 0000 0000 0000 0000 0000 0000 0000 0000 0000 0001 0000 0000 0000
0000 0000 0000 0100 0000 0101 0000 0010 0101 0101 0000 0000 0100 0000 0110 0100 0100 0100 0000 0100
0000 0100 0100 0000 0000 0100 0000 0100 0000 0000 0000 0100 0100 0100 0001 0110 0110 0100 0000 0000
0000 0000 0000 0000 0000 0000 0000 0000 0000 0010 0000 0000 0000 0000 0010 0000 0010 0010 0000 0000
0000 0001 0010 0010 0010 0010 0000 0010 0002 0010 0010 0010 0001 0002 0002 0000 0010 0010 0001 0003
0000 0000 0001 0001 0001 0000 0001 0001 0001 0001 0001 0001 0001 0001 0001 0001 0000 0001 0000 0001
0000 0010 0011 0010 0010 0020 0000 0010 0010 0010 0020 0010 0010 0010 0001 0010 0010 0010 0010 0010
0000 0000 0000 0000 0000 0010 0020 0000 0020 0000 0000 0020 0000 0021 0020 0020 0020 0010 0020 0000
0000 0000 0000 0000 0000 0000 0000 0000 0100 0000 0000 0000 0000 0000 0000 0000 0000 0100 0100 0000
0000 0010 0010 0010 0020 0010 0020 0020 0010 0010 0020 0030 0010 0020 0021 0031 0020 0020 0010 0010
0000 0100 0101 0101 0101 0200 0101 0100 0101 0010 0101 0001 0200 0101 0101 0001 0001 0010 0101 0010
0000 0000 0000 0000 0000 0000 0000 0000 0000 0000 0000 0000 0000 0000 0000 0000 0000 0000 0000 0000
0000 0000 0000 0000 0000 0100 0000 0000 0000 0000 0110 0000 0000 0000 0000 0000 0000 0000 0000 0000
0000 0000 0000 0000 0000 0000 0000 0000 0000 0001 0000 0000 0000 0000 0000 0000 0000 0000 0000 0000
0000 0001 0000 0000 0000 0000 0010 0000 0000 0000 0000 0000 0000 0000 0000 0000 0000 0002 0001 0000
0000 0010 0020 0020 0020 0020 0000 0020 0020 0000 0000 0020 0020 0020 0000 0000 0010 0020 0020 0000
0000 0000 0100 0100 0100 0100 0100 0100 0101 0000 0100 0000 0000 0000 0000 0102 0000 0100 0100 0000
0000 0010 0010 0020 0010 0010 0010 0010 0010 0000 0010 0010 0020 0010 0010 0010 0000 0010 0010 0010
0000 0100 0000 0001 0001 0001 0000 0000 0001 0000 0000 0000 0000 0001 0000 0000 0000 0001 0001 0101
0000 0100 0100 0010 0101 0100 0100 0100 0001 0011 0000 0000 0100 0100 0100 0100 0000 0100 0110 0011
0000 0001 0100 0000 0110 0000 0001 0000 0110 0100 0000 0100 0110 0000 0200 0000 0000 0101 0000 0000
0000 0000 0000 0000 0000 0000 0000 0000 0000 0000 0000 0100 0000 0000 0000 0000 0000 0000 0000 0000
0000 0010 0010 0010 0010 0000 0010 0010 0010 0010 0010 0010 0010 0000 0010 0010 0010 0010 0010 0010
0000 0000 0000 0000 0000 0000 0000 0010 0000 0000 0010 0000 0000 0000 0000 0000 0000 0000 0000 0000
0000 0000 0010 0011 0100 0100 0000 0000 0100 0110 0000 0000 0111 0100 0111 0000 0000 0100 0100 0011
0000 0100 0000 0000 0000 0000 0100 0000 0000 0100 0110 0100 0010 0000 0000 0000 0000 0000 0100 0000
0000 0000 0000 0000 0000 0000 0000 0000 0000 0000 0100 0000 0000 0000 0000 0000 0000 0000 0000 0110
0000 0000 0000 0000 0000 0000 0000 0000 0000 0000 0000 0000 0000 0000 0000 0000 0000 0000 0000 0000
0000 0000 0000 0000 0000 0000 0000 0000 0000 0000 0000 0000 0000 0000 0000 0000 0000 0000 0000 0000
0000 0100 0100 0000 0000 0200 0100 0210 0300 0100 0000 0100 0100 0000 0301 0010 0100 0100 0000 0000
0000 0100 0000 0101 0000 0000 0102 0000 0100 0000 0000 0000 0000 0110 0010 0000 0101 0000 0000 0111
0000 0000 0000 0000 0010 0000 0010 0000 0010 0000 0000 0000 0000 0010 0000 0000 0000 0000 0000 0000
0000 0100 0000 0101 0100 0000 0000 0100 0100 0100 0001 0010 0000 0101 0100 0002 0100 0001 0100 0100
0000 0001 0001 0001 0001 0000 0001 0000 0001 0001 0001 0000 0000 0001 0001 0001 0001 0000 0000 0001
0000 0000 0100 0000 0110 0100 0000 0100 0200 0000 0100 0110 0201 0100 0110 0100 0100 0110 0200 0110
0000 0000 0000 0000 0000 0000 0000 0000 0000 0000 0000 0000 0000 0000 0000 0000 0000 0000 0000 0000
0000 0000 0000 0100 0000 0000 0000 0100 0000 0100 0000 0000 0100 0000 0100 0100 0000 0000 0200 0100
0000 0100 0000 0100 0100 0200 0300 0200 0000 0100 0100 0200 0100 0100 0100 0100 0200 0200 0200 0100
0000 0000 0000 0000 0000 0000 0000 0000 0000 0000 0000 0000 0000 0000 0000 0000 0000 0000 0000 0000
0000 0100 0010 0001 0010 0001 0000 0001 0200 0001 0001 0001 0000 0200 0001 0000 0001 0001 0200 0001
0000 0000 0000 0000 0001 0000 0000 0000 0000 0000 0000 0001 0001 0100 0000 0000 0000 0000 0000 0001
0000 0100 0000 0000 0000 0000 0000 0000 0000 0001 0000 0000 0001 0000 0000 0000 0000 0000 0000 0000
0000 0000 0100 0000 0000 0010 0000 0000 0000 0000 0000 0000 0000 0000 0000 0000 0000 0000 0000 0000
0000 0100 0100 0100 0100 0000 0100 0100 0100 0100 0100 0100 0100 0100 0100 0200 0000 0100 0100 0100
0000 0100 0000 0100 0100 0000 0100 0000 0100 0100 0100 0100 0100 0000 0100 0000 0000 0100 0000 0100
0000 0100 0110 0120 0000 0100 0111 0121 0121 0010 0100 0121 0200 0100 0121 0100 0120 0200 0121 0100
0000 0000 0000 0000 0000 0000 0000 0000 0001 0000 0000 0000 0000 0000 0000 0000 0000 0000 0100 0000
0000 0000 0000 0000 0001 0000 0000 0001 0000 0000 0000 0000 0000 0000 0000 0000 0000 0000 0001 0000
0000 0000 0000 0010 0010 0100 0000 0000 0000 0000 0100 0000 0000 0001 0001 0010 0020 0000 0000 0000
0000 0000 0010 0010 0000 0010 0010 0010 0000 0000 0020 0010 0010 0000 0010 0010 0010 0020 0010 0010
0000 0000 0100 0000 0100 0200 0100 0100 0300 0000 0000 0000 0000 0000 0000 0100 0100 0000 0100 0201
0000 0000 0001 0001 0001 0000 0000 0000 0000 0001 0001 0001 0001 0000 0001 0000 0001 0000 0000 0001
0000 0000 0000 0000 0000 0000 0000 0000 0000 0000 0000 0000 0000 0000 0010 0000 0000 0000 0000 0000
0000 0000 0100 0000 0000 0100 0000 0100 0000 0100 0101 0200 0000 0000 0100 0000 0000 0200 0000 0000
0000 0001 0100 0101 0000 0100 0102 0100 0000 0100 0103 0100 0200 0010 0010 0000 0100 0100 0100 0210
0000 0010 0011 0011 0011 0011 0000 0011 0020 0011 0011 0011 0011 0011 0011 0000 0011 0011 0011 0020
0000 0000 0010 0010 0000 0000 0011 0001 0000 0100 0000 0101 0200 0000 0010 0010 0200 0000 0000 0200
0000 0100 0001 0100 0000 0100 0100 0100 0100 0100 0100 0101 0100 0010 0000 0100 0100 0100 0100 0002
0000 0100 0000 0100 0100 0100 0000 0100 0100 0000 0000 0100 0000 0000 0010 0000 0000 0100 0000 0000
0000 0000 0010 0010 0000 0000 0000 0000 0000 0010 0000 0010 0010 0000 0010 0010 0010 0000 0000 0000
0000 0000 0000 0000 0000 0000 0000 0000 0000 0000 0000 0000 0000 0000 0000 0000 0000 0000 0000 0000
